                0.02      0.020847668886      0.032603454232
                0.04       0.04124518214      0.064467077152
                0.06      0.061279674703      0.095261734286
                0.08      0.080855876593       0.12468990364
                 0.1       0.10053991587       0.15318688247
                0.12       0.11900260657       0.18042856035
                0.14       0.13775546799       0.20686270384
                0.16       0.15586495206       0.23183471071
                0.18       0.17353651537       0.25652722272
                 0.2       0.19064469328       0.27962126936
                0.22       0.20768278047       0.30206691052
                0.24       0.22468618293       0.32335329735
                0.26       0.24078074682       0.34267587322
                0.28       0.25660522281       0.35914545804
                 0.3       0.27133807838       0.37645891094
                0.32        0.2865215968       0.39412957739
                0.34       0.30130662831       0.40955808353
                0.36       0.31590340997       0.42379832558
                0.38       0.32946033737        0.4355762297
                 0.4        0.3431811438       0.45026293996
                0.42       0.35683469045         0.462866123
                0.44       0.36975436731       0.47460994298
                0.46       0.38218800121        0.4868890952
                0.48       0.39258903169       0.49768555728
                 0.5       0.40361914847       0.51003155697
                0.52       0.41321058334        0.5198433192
                0.54        0.4245361566       0.53021416432
                0.56       0.43537613809        0.5415611744
                0.58       0.44567209099       0.55199661768
                 0.6       0.45555736677       0.56142930122
                0.62       0.46528998482        0.5699742145
                0.64       0.47444995627        0.5790080138
                0.66       0.48394642118        0.5870151336
                0.68       0.49253553281       0.59695536566
                 0.7       0.50050074483       0.60576077034
                0.72        0.5083729502       0.61284642295
                0.74       0.51641017956       0.61925574037
                0.76        0.5258832129       0.62952414591
                0.78       0.53444970321       0.63811222905
                 0.8       0.54306426217       0.64654040983
                0.82       0.55117113849        0.6555518455
                0.84       0.56049553583       0.66504454951
                0.86       0.57155110944       0.67559260195
                0.88        0.5820078075       0.68478126115
                 0.9       0.59188360484       0.69484338366
                0.92       0.60171936051       0.70548828364
                0.94       0.61297498987       0.71511685869
                0.96       0.62528175677       0.72597204049
                0.98       0.63668446845       0.73704870681
                   1       0.64796315364        0.7480302305
                1.02       0.65928645332        0.7590729108
                1.04       0.67116999435       0.76883757376
                1.06       0.68314178414       0.77901131821
                1.08        0.6948220949        0.7891389799
                 1.1       0.70636278918       0.79979431024
                1.12        0.7186661308       0.80952070868
                1.14       0.73113998878        0.8188059083
                1.16       0.74268905527        0.8292837577
                1.18       0.75318667847       0.83944666924
                 1.2       0.76397858184       0.84878871826
                1.22       0.77504749372       0.85730970026
                1.24       0.78487802189       0.86657067253
                1.26       0.79448220219       0.87517216988
                1.28       0.80305160045       0.88290644227
                 1.3         0.812010356       0.88980060099
                1.32       0.82056586573       0.89670128814
                1.34       0.82784812667        0.9029159915
                1.36       0.83447908404       0.90842648235
                1.38       0.84087985206       0.91379519827
                 1.4       0.84690525049       0.91910498997
                1.42       0.85162726809       0.92300168889
                1.44       0.85605751276       0.92702672871
                1.46       0.86093780633       0.92966914229
                1.48       0.86459870439       0.93246166244
                 1.5       0.86774297532       0.93529317679
                1.52        0.8712642712       0.93847407322
                1.54       0.87543471607       0.94069623618
                1.56        0.8801653107       0.94315848642
                1.58       0.88408786627       0.94642249577
                 1.6         0.887468818       0.94909373687
                1.62        0.8899030454       0.95175655125
                1.64       0.89374143184       0.95443700207
                1.66       0.89678327689       0.95693099298
                1.68       0.90100182455       0.96006808206
                 1.7       0.90450437906       0.96307668158
                1.72        0.9085391855       0.96583017807
                1.74       0.91298703533       0.96855798168
                1.76       0.91761865801       0.97135504183
                1.78       0.92339201501        0.9738932952
                 1.8       0.92883256262       0.97642306438
                1.82       0.93410833066       0.97900331311
                1.84       0.93992294625       0.98162479995
                1.86       0.94622927153       0.98416846809
                1.88       0.95326341606       0.98660462628
                 1.9       0.96067890699        0.9887795216
                1.92       0.96810607163       0.99100515806
                1.94        0.9759665637       0.99329428273
                1.96       0.98391175302       0.99556420919
                1.98       0.99195021466       0.99780161039
