                   0                   0
      0.055675868902      0.041666666667
      0.097407156647                 0.2
       0.15711926117       0.26923076923
       0.26365173993       0.31428571429
       0.33927796517             0.34375
       0.40741557367       0.46846846847
       0.61532061296       0.52941176471
       0.72963076491       0.61688311688
         1.029352441       0.66666666667
        1.0565040526                0.75
         1.068765394       0.77777777778
        1.0871981797       0.79310344828
        1.1352538649       0.83333333333
         1.219633103       0.87603305785
        1.4560281576       0.92361111111
        1.7730032884       0.95652173913
        1.8208103868                   1
                   2                   1
