                0.02               0.044
                0.04               0.044
                0.06               0.042
                0.08               0.043
                 0.1               0.042
                0.12               0.044
                0.14               0.046
                0.16               0.049
                0.18               0.048
                 0.2               0.046
                0.22               0.045
                0.24               0.047
                0.26               0.047
                0.28               0.047
                 0.3               0.043
                0.32               0.039
                0.34               0.038
                0.36               0.038
                0.38               0.037
                 0.4               0.035
                0.42               0.038
                0.44               0.035
                0.46               0.035
                0.48               0.036
                 0.5               0.037
                0.52                0.04
                0.54               0.041
                0.56               0.037
                0.58               0.041
                 0.6               0.041
                0.62               0.046
                0.64               0.041
                0.66               0.041
                0.68               0.043
                 0.7               0.045
                0.72               0.044
                0.74               0.044
                0.76               0.044
                0.78               0.043
                 0.8               0.045
                0.82               0.047
                0.84               0.053
                0.86               0.053
                0.88                0.05
                 0.9               0.049
                0.92               0.048
                0.94                0.05
                0.96               0.053
                0.98               0.053
                   1               0.059
                1.02               0.058
                1.04               0.058
                1.06               0.062
                1.08               0.061
                 1.1               0.061
                1.12               0.056
                1.14               0.052
                1.16               0.054
                1.18               0.052
                 1.2               0.053
                1.22               0.052
                1.24               0.051
                1.26               0.057
                1.28               0.058
                 1.3               0.053
                1.32               0.053
                1.34               0.051
                1.36               0.053
                1.38               0.055
                 1.4               0.056
                1.42               0.053
                1.44               0.053
                1.46               0.054
                1.48               0.054
                 1.5               0.055
                1.52               0.051
                1.54               0.048
                1.56               0.046
                1.58               0.044
                 1.6               0.044
                1.62               0.042
                1.64               0.042
                1.66               0.041
                1.68               0.045
                 1.7               0.049
                1.72                0.05
                1.74               0.046
                1.76               0.047
                1.78               0.046
                 1.8               0.052
                1.82               0.049
                1.84               0.049
                1.86               0.045
                1.88               0.043
                 1.9               0.043
                1.92               0.042
                1.94               0.041
                1.96               0.041
                1.98               0.043
