               0.002     0.0022556082264
               0.004     0.0045111636575
               0.006     0.0067666134764
               0.008     0.0090219048229
                0.01      0.011276984772
               0.012      0.013531800313
               0.014      0.015786298325
               0.016      0.018040425559
               0.018      0.020294128615
                0.02      0.022547353915
               0.022      0.024800047691
               0.024      0.027052155952
               0.026      0.029303624471
               0.028      0.031554398755
                0.03       0.03380442403
               0.032       0.03605364521
               0.034      0.038302006882
               0.036      0.040549453277
               0.038      0.042795928252
                0.04      0.045041375262
               0.042      0.047285737338
               0.044      0.049528957067
               0.046       0.05177097656
               0.048      0.054011737436
                0.05      0.056251180791
               0.052      0.058489247177
               0.054      0.060725876576
               0.056      0.062961008374
               0.058      0.065194581336
                0.06      0.067426533579
               0.062      0.069656802547
               0.064      0.071885324984
               0.066      0.074112036905
               0.068      0.076336873573
                0.07      0.078559769464
               0.072      0.080780658249
               0.074      0.082999472754
               0.076      0.085216144941
               0.078      0.087430605874
                0.08      0.089642785686
               0.082      0.091852613557
               0.084      0.094060017675
               0.086      0.096264925212
               0.088      0.098467262284
                0.09       0.10066695393
               0.092       0.10286392406
               0.094       0.10505809546
               0.096       0.10724938971
               0.098       0.10943772754
                 0.1       0.11162302977
               0.102       0.11380521763
               0.104       0.11598421279
               0.106       0.11815993733
               0.108       0.12033231377
                0.11       0.12250126505
               0.112       0.12466671456
               0.114       0.12682858613
               0.116       0.12898680419
               0.118       0.13114129427
                0.12       0.13329198311
               0.122       0.13543879868
               0.124       0.13758167012
               0.126       0.13972052772
               0.128       0.14185530297
                0.13       0.14398592847
               0.132       0.14611233794
               0.134        0.1482344662
               0.136       0.15035224918
               0.138       0.15246562384
                0.14       0.15457452823
               0.142       0.15667890139
               0.144       0.15877868341
               0.146       0.16087381535
               0.148       0.16296423925
                0.15       0.16504989811
               0.152       0.16713073587
               0.154       0.16920669738
               0.156       0.17127772841
               0.158       0.17334377556
                0.16       0.17540478635
               0.162       0.17746070908
               0.164       0.17951149291
               0.166       0.18155708784
               0.168       0.18359744496
                0.17        0.1856325165
               0.172       0.18766225584
               0.174       0.18968661749
               0.176       0.19170555706
               0.178       0.19371903129
                0.18       0.19572699797
               0.182       0.19772941599
               0.184       0.19972624527
               0.186       0.20171744681
               0.188       0.20370298261
                0.19       0.20568281569
               0.192       0.20765691005
               0.194        0.2096252307
               0.196       0.21158774359
               0.198       0.21354441562
                 0.2       0.21549521463
               0.202       0.21744010935
               0.204        0.2193790694
               0.206        0.2213120653
               0.208       0.22323906841
                0.21        0.2251600509
               0.212       0.22707498579
               0.214       0.22898384686
               0.216       0.23088660869
               0.218       0.23278324659
                0.22       0.23467373661
               0.222       0.23655805548
               0.224       0.23843618065
               0.226       0.24030809019
               0.228       0.24217376283
                0.23       0.24403317806
               0.232       0.24588631679
               0.234        0.2477331616
               0.236       0.24957369668
               0.238       0.25140790779
                0.24        0.2532357822
               0.242        0.2550573088
               0.244        0.2568724784
               0.246       0.25868128378
               0.248       0.26048371962
                0.25        0.2622797825
               0.252       0.26406947083
               0.254       0.26585278481
               0.256        0.2676297264
               0.258       0.26940029926
                0.26       0.27116450871
               0.262       0.27292236172
               0.264       0.27467386681
               0.266       0.27641903405
               0.268       0.27815787499
                0.27       0.27989040264
               0.272       0.28161663138
               0.274       0.28333657699
               0.276        0.2850502565
               0.278       0.28675768825
                0.28       0.28845889177
               0.282       0.29015388776
               0.284       0.29184269804
               0.286       0.29352534549
               0.288       0.29520185404
                0.29       0.29687224856
               0.292       0.29853655486
               0.294       0.30019479962
               0.296       0.30184701032
               0.298       0.30349321525
                 0.3       0.30513344339
               0.302       0.30676772439
               0.304        0.3083960885
               0.306       0.31001856656
               0.308       0.31163518989
                0.31       0.31324599026
               0.312       0.31485099986
               0.314       0.31645025117
               0.316         0.318043777
               0.318       0.31963161037
                0.32       0.32121378445
               0.322       0.32279033253
               0.324       0.32436128795
               0.326       0.32592668405
               0.328       0.32748655407
                0.33       0.32904093114
               0.332       0.33058984819
               0.334       0.33213333788
               0.336       0.33367143257
               0.338       0.33520416421
                0.34       0.33673156433
               0.342       0.33825366391
               0.344       0.33977049337
               0.346       0.34128208247
               0.348       0.34278846039
                0.35       0.34428965619
               0.352       0.34578569902
               0.354       0.34727661807
               0.356       0.34876244251
               0.358       0.35024320145
                0.36        0.3517189239
               0.362       0.35318963868
               0.364       0.35465537442
               0.366       0.35611615948
               0.368       0.35757202188
                0.37        0.3590229893
               0.372       0.36046908896
               0.374        0.3619103476
               0.376       0.36334679145
               0.378       0.36477844612
                0.38       0.36620533656
               0.382       0.36762748701
               0.384       0.36904492097
               0.386       0.37045766107
               0.388       0.37186572907
                0.39       0.37326914577
               0.392       0.37466793096
               0.394       0.37606210335
               0.396       0.37745168051
               0.398        0.3788366788
                 0.4       0.38021711332
               0.402       0.38159299781
               0.404       0.38296434462
               0.406       0.38433116464
               0.408       0.38569346764
                0.41       0.38705126349
               0.412       0.38840456255
               0.414       0.38975337563
               0.416       0.39109771398
               0.418       0.39243758926
                0.42       0.39377301353
               0.422       0.39510399924
               0.424       0.39643055916
               0.426        0.3977527064
               0.428       0.39907045436
                0.43       0.40038381674
               0.432       0.40169280747
               0.434        0.4029974407
               0.436       0.40429773081
               0.438       0.40559369232
                0.44       0.40688533991
               0.442       0.40817268838
               0.444       0.40945575262
               0.446       0.41073454757
               0.448       0.41200908821
                0.45       0.41327938969
               0.452       0.41454546759
               0.454       0.41580733802
               0.456       0.41706501757
               0.458       0.41831852332
                0.46       0.41956787277
               0.462        0.4208130839
               0.464       0.42205417507
               0.466       0.42329116504
               0.468       0.42452407296
                0.47       0.42575291831
               0.472        0.4269777209
               0.474       0.42819850086
               0.476       0.42941527857
               0.478       0.43062807471
                0.48       0.43183691016
               0.482       0.43304180602
               0.484       0.43424278357
               0.486       0.43543986424
               0.488        0.4366330696
                0.49       0.43782242131
               0.492       0.43900794111
               0.494       0.44018965079
               0.496       0.44136757214
               0.498       0.44254172694
                 0.5       0.44371213692
               0.502       0.44487882376
               0.504         0.446041809
               0.506       0.44720111405
               0.508       0.44835676014
                0.51       0.44950876831
               0.512       0.45065715933
               0.514       0.45180195371
               0.516       0.45294317165
               0.518       0.45408083298
                0.52       0.45521495715
               0.522       0.45634556318
               0.524       0.45747266965
               0.526        0.4585962946
               0.528       0.45971645554
                0.53       0.46083316953
               0.532       0.46194645353
               0.534       0.46305632445
               0.536       0.46416279909
               0.538       0.46526589412
                0.54       0.46636562599
               0.542       0.46746201085
               0.544       0.46855506454
               0.546       0.46964480248
               0.548       0.47073123963
                0.55       0.47181439045
               0.552       0.47289426877
               0.554       0.47397088779
               0.556       0.47504426003
               0.558       0.47611439769
                0.56       0.47718131318
               0.562       0.47824501931
               0.564       0.47930552944
               0.566       0.48036285746
               0.568       0.48141701769
                0.57       0.48246802495
               0.572       0.48351589465
               0.574       0.48456064273
               0.576       0.48560228558
               0.578       0.48664083997
                0.58       0.48767632288
               0.582       0.48870875152
               0.584       0.48973814312
               0.586       0.49076451493
               0.588       0.49178788413
                0.59       0.49280826785
               0.592       0.49382568314
               0.594       0.49484014683
               0.596       0.49585167544
               0.598        0.4968602851
                 0.6       0.49786599142
               0.602       0.49886880955
               0.604       0.49986875514
               0.606       0.50086584511
               0.608       0.50186009767
                0.61       0.50285153225
               0.612       0.50384016948
               0.614        0.5048260311
               0.616       0.50580913994
               0.618       0.50678951985
                0.62       0.50776719565
               0.622        0.5087421931
               0.624       0.50971453882
               0.626       0.51068426025
               0.628       0.51165138561
                0.63       0.51261594382
               0.632        0.5135779645
               0.634       0.51453747785
               0.636       0.51549451479
               0.638       0.51644910718
                0.64       0.51740128783
               0.642       0.51835109048
               0.644       0.51929854972
               0.646       0.52024370092
               0.648       0.52118658017
                0.65       0.52212722419
               0.652       0.52306567035
               0.654       0.52400195649
               0.656       0.52493612095
               0.658       0.52586820247
                0.66       0.52679824013
               0.662       0.52772627336
               0.664       0.52865234244
               0.666       0.52957648873
               0.668       0.53049875461
                0.67        0.5314191835
               0.672       0.53233781978
               0.674       0.53325470874
               0.676       0.53416989658
               0.678       0.53508343032
                0.68       0.53599535782
               0.682       0.53690572768
               0.684       0.53781458924
               0.686       0.53872199251
               0.688       0.53962798816
                0.69       0.54053262747
               0.692       0.54143596229
               0.694       0.54233804499
               0.696       0.54323892843
               0.698       0.54413866593
                 0.7       0.54503731123
               0.702       0.54593491841
               0.704       0.54683154192
               0.706       0.54772723649
               0.708       0.54862205712
                0.71         0.549516059
               0.712       0.55040929754
               0.714       0.55130182826
               0.716       0.55219370681
               0.718       0.55308498887
                0.72       0.55397573027
               0.722        0.5548659872
               0.724       0.55575581635
               0.726       0.55664527487
               0.728       0.55753442029
                0.73       0.55842331047
               0.732       0.55931200357
               0.734       0.56020055799
               0.736        0.5610890323
               0.738       0.56197748523
                0.74       0.56286597557
               0.742       0.56375456217
               0.744       0.56464330384
               0.746       0.56553225932
               0.748       0.56642148726
                0.75       0.56731104612
               0.752       0.56820099413
               0.754       0.56909138926
               0.756       0.56998228918
               0.758       0.57087375116
                0.76       0.57176583205
               0.762       0.57265858824
               0.764       0.57355207558
               0.766       0.57444634937
               0.768       0.57534146429
                0.77       0.57623747463
               0.772       0.57713443456
               0.774       0.57803239809
               0.776       0.57893141901
               0.778       0.57983155093
                0.78       0.58073284715
               0.782       0.58163536071
               0.784       0.58253914429
               0.786        0.5834442502
               0.788       0.58435073035
                0.79       0.58525863621
               0.792       0.58616801875
               0.794       0.58707892845
               0.796       0.58799141522
               0.798       0.58890552838
                 0.8       0.58982131666
               0.802       0.59073882808
               0.804       0.59165811001
               0.806       0.59257920906
               0.808       0.59350217108
                0.81       0.59442704113
               0.812       0.59535386341
               0.814       0.59628268126
               0.816        0.5972135371
               0.818        0.5981464724
                0.82       0.59908152767
               0.822       0.60001874235
               0.824       0.60095815488
               0.826       0.60189980257
               0.828        0.6028437216
                0.83         0.603789947
               0.832       0.60473851258
               0.834       0.60568945092
               0.836       0.60664279332
               0.838       0.60759856977
                0.84       0.60855680887
               0.842       0.60951753789
               0.844       0.61048078265
               0.846       0.61144656777
               0.848       0.61241491675
                0.85       0.61338585197
               0.852       0.61435939462
               0.854       0.61533556472
               0.856       0.61631438106
               0.858       0.61729586119
                0.86       0.61828002136
               0.862       0.61926687654
               0.864       0.62025644033
               0.866       0.62124872499
               0.868       0.62224374136
                0.87       0.62324149885
               0.872       0.62424200544
               0.874       0.62524526759
               0.876       0.62625129026
               0.878       0.62726007685
                0.88       0.62827162917
               0.882       0.62928594745
               0.884       0.63030303023
               0.886       0.63132287441
               0.888       0.63234547518
                0.89       0.63337082598
               0.892       0.63439891847
               0.894       0.63542974253
               0.896        0.6364632862
               0.898       0.63749953563
                 0.9       0.63853847508
               0.902       0.63958008689
               0.904       0.64062435141
               0.906         0.641671247
               0.908       0.64272074996
                0.91       0.64377283455
               0.912       0.64482747301
               0.914       0.64588463638
               0.916       0.64694429517
               0.918       0.64800641941
                0.92       0.64907097865
               0.922       0.65013794196
               0.924       0.65120727795
               0.926       0.65227895473
               0.928          0.65335294
                0.93       0.65442920095
               0.932       0.65550770435
               0.934        0.6565884165
               0.936       0.65767130329
               0.938       0.65875633013
                0.94       0.65984346202
               0.942       0.66093266352
               0.944       0.66202389877
               0.946        0.6631171315
               0.948       0.66421232501
                0.95       0.66530944219
               0.952       0.66640844553
               0.954       0.66750929712
               0.956        0.6686119587
               0.958         0.669716392
                0.96       0.67082255898
               0.962       0.67193042177
               0.964       0.67303994275
               0.966       0.67415108446
               0.968       0.67526380965
                0.97       0.67637808123
               0.972       0.67749386228
               0.974       0.67861111602
               0.976       0.67972980585
               0.978       0.68084989526
                0.98       0.68197134792
               0.982       0.68309412758
               0.984       0.68421819811
               0.986       0.68534352349
               0.988       0.68647006778
                0.99       0.68759779512
               0.992       0.68872666974
               0.994       0.68985665591
               0.996       0.69098771798
               0.998       0.69211982034
                   1        0.6932529274
               1.002       0.69438700363
               1.004       0.69552201349
               1.006       0.69665792146
               1.008       0.69779469205
                1.01       0.69893228971
               1.012       0.70007067893
               1.014       0.70120982414
               1.016       0.70234968974
               1.018        0.7034902401
                1.02       0.70463143953
               1.022        0.7057732523
               1.024       0.70691564256
               1.026       0.70805857444
               1.028       0.70920201194
                1.03       0.71034591898
               1.032       0.71149025937
               1.034        0.7126349968
               1.036       0.71378009484
               1.038       0.71492551692
                1.04       0.71607122631
               1.042       0.71721718615
               1.044       0.71836335939
               1.046       0.71950970883
               1.048       0.72065619705
                1.05       0.72180278645
               1.052       0.72294943923
               1.054       0.72409611736
               1.056       0.72524278258
               1.058        0.7263893964
                1.06       0.72753592007
               1.062       0.72868231456
               1.064        0.7298285406
               1.066       0.73097455862
               1.068       0.73212032873
                1.07       0.73326581075
               1.072       0.73441096419
               1.074       0.73555574819
               1.076       0.73670012157
               1.078       0.73784404278
                1.08       0.73898746989
               1.082       0.74013036059
               1.084       0.74127267217
               1.086       0.74241436149
               1.088       0.74355538501
                1.09       0.74469569871
               1.092       0.74583525815
               1.094       0.74697401839
               1.096       0.74811193401
               1.098       0.74924895908
                 1.1       0.75038504718
               1.102       0.75152015132
               1.104       0.75265422398
               1.106       0.75378721705
               1.108       0.75491908188
                1.11       0.75604976917
               1.112       0.75717922903
               1.114       0.75830741092
               1.116       0.75943426366
               1.118       0.76055973539
                1.12       0.76168377361
               1.122       0.76280632561
               1.124       0.76392733876
               1.126        0.7650467605
               1.128        0.7661645384
                1.13       0.76728062011
               1.132       0.76839495338
               1.134       0.76950748604
               1.136       0.77061816602
               1.138       0.77172694135
                1.14       0.77283376013
               1.142       0.77393857058
               1.144       0.77504132098
               1.146        0.7761419597
               1.148        0.7772404352
                1.15         0.778336696
               1.152       0.77943069072
               1.154       0.78052236805
               1.156       0.78161167675
               1.158       0.78269856563
                1.16       0.78378298359
               1.162       0.78486487957
               1.164       0.78594420258
               1.166       0.78702090168
               1.168       0.78809492597
                1.17        0.7891662246
               1.172       0.79023474675
               1.174       0.79130044164
               1.176       0.79236325851
               1.178       0.79342314662
                1.18       0.79448005525
               1.182       0.79553393368
               1.184       0.79658473119
               1.186       0.79763239707
               1.188       0.79867688057
                1.19       0.79971813094
               1.192       0.80075609738
               1.194       0.80179072908
               1.196       0.80282197514
               1.198       0.80384978466
                 1.2       0.80487410661
               1.202       0.80589488995
               1.204        0.8069120835
               1.206       0.80792563601
               1.208       0.80893549612
                1.21       0.80994161235
               1.212        0.8109439331
               1.214       0.81194240661
               1.216       0.81293698098
               1.218       0.81392760414
                1.22       0.81491422383
               1.222       0.81589678762
               1.224       0.81687524285
               1.226       0.81784953664
               1.228        0.8188196159
                1.23       0.81978542726
               1.232        0.8207469171
               1.234       0.82170403155
               1.236       0.82265671704
               1.238       0.82360492079
                1.24       0.82454859094
               1.242       0.82548767646
               1.244       0.82642212728
               1.246       0.82735189417
               1.248       0.82827692888
                1.25       0.82919718405
               1.252       0.83011261326
               1.254       0.83102317105
               1.256       0.83192881291
               1.258       0.83282949529
                1.26       0.83372517562
               1.262       0.83461581231
               1.264       0.83550136477
               1.266       0.83638179338
               1.268       0.83725705957
                1.27       0.83812712575
               1.272       0.83899195539
               1.274       0.83985151307
               1.276       0.84070576484
               1.278       0.84155467817
                1.28         0.842398222
               1.282       0.84323636673
               1.284        0.8440690842
               1.286       0.84489634771
               1.288       0.84571813199
                1.29       0.84653441321
               1.292       0.84734516899
               1.294       0.84815037835
               1.296       0.84895002175
               1.298        0.8497440811
                 1.3       0.85053253967
               1.302       0.85131538217
               1.304       0.85209259473
               1.306       0.85286416484
               1.308       0.85363008142
                1.31       0.85439033474
               1.312        0.8551449165
               1.314       0.85589381973
               1.316       0.85663703884
               1.318       0.85737456962
                1.32        0.8581064092
               1.322       0.85883255627
               1.324       0.85955301138
               1.326       0.86026777694
               1.328       0.86097685723
                1.33       0.86168025837
               1.332       0.86237798831
               1.334       0.86307005676
               1.336       0.86375647523
               1.338       0.86443725698
                1.34       0.86511241699
               1.342       0.86578197196
               1.344       0.86644594024
               1.346        0.8671043419
               1.348       0.86775719859
                1.35       0.86840453362
               1.352       0.86904637188
               1.354       0.86968273982
               1.356       0.87031366545
               1.358        0.8709391783
                1.36        0.8715593094
               1.362       0.87217409126
               1.364       0.87278355785
               1.366       0.87338774454
               1.368       0.87398668814
                1.37       0.87458042682
               1.372        0.8751690001
               1.374       0.87575244884
               1.376       0.87633081521
               1.378       0.87690414264
                1.38       0.87747247584
               1.382       0.87803586072
               1.384        0.8785943444
               1.386        0.8791479752
               1.388       0.87969680254
                1.39       0.88024087701
               1.392       0.88078025027
               1.394       0.88131497505
               1.396       0.88184510511
               1.398       0.88237069525
                 1.4       0.88289180123
               1.402       0.88340847976
               1.404       0.88392078849
               1.406       0.88442878597
               1.408       0.88493253162
                1.41       0.88543208567
               1.412       0.88592750919
               1.414       0.88641886401
               1.416       0.88690621272
               1.418       0.88738961862
                1.42       0.88786914569
               1.422       0.88834485858
               1.424       0.88881682254
               1.426       0.88928510344
               1.428       0.88974976766
                1.43       0.89021088216
               1.432       0.89066851436
               1.434       0.89112273213
               1.436        0.8915736038
               1.438       0.89202119804
                1.44       0.89246558392
               1.442        0.8929068308
               1.444       0.89334500834
               1.446       0.89378018644
               1.448       0.89421243523
                1.45       0.89464182498
               1.452       0.89506842614
               1.454       0.89549230924
               1.456       0.89591354486
               1.458       0.89633220364
                1.46       0.89674835619
               1.462       0.89716207305
               1.464       0.89757342469
               1.466       0.89798248145
               1.468       0.89838931348
                1.47       0.89879399074
               1.472       0.89919658292
               1.474       0.89959715942
               1.476       0.89999578929
               1.478       0.90039254123
                1.48       0.90078748348
               1.482       0.90118068384
               1.484       0.90157220958
               1.486       0.90196212743
               1.488       0.90235050352
                1.49       0.90273740331
               1.492        0.9031228916
               1.494       0.90350703244
               1.496       0.90388988908
               1.498       0.90427152396
                 1.5       0.90465199862
               1.502       0.90503137368
               1.504       0.90540970879
               1.506       0.90578706256
               1.508       0.90616349253
                1.51        0.9065390551
               1.512        0.9069138055
               1.514       0.90728779773
               1.516        0.9076610845
               1.518       0.90803371719
                1.52       0.90840574579
               1.522       0.90877721884
               1.524       0.90914818339
               1.526       0.90951868492
               1.528       0.90988876733
                1.53       0.91025847282
               1.532       0.91062784191
               1.534       0.91099691335
               1.536       0.91136572445
               1.538       0.91173431131
                1.54       0.91210270873
               1.542       0.91247095022
               1.544       0.91283906794
               1.546       0.91320709264
               1.548       0.91357505364
                1.55       0.91394297877
               1.552       0.91431089431
               1.554       0.91467882497
               1.556       0.91504679384
               1.558       0.91541482233
                1.56       0.91578293012
               1.562       0.91615113538
               1.564       0.91651945539
               1.566       0.91688790669
               1.568       0.91725650507
                1.57       0.91762526553
               1.572        0.9179942023
               1.574        0.9183633288
               1.576       0.91873265793
               1.578       0.91910220208
                1.58        0.9194719731
               1.582       0.91984198236
               1.584       0.92021224066
               1.586       0.92058275823
               1.588       0.92095354476
                1.59        0.9213246093
               1.592       0.92169596035
               1.594       0.92206760589
               1.596       0.92243955346
               1.598       0.92281181016
                 1.6       0.92318438263
               1.602       0.92355727702
               1.604       0.92393049899
               1.606       0.92430405373
               1.608       0.92467794588
                1.61       0.92505217955
               1.612       0.92542675834
               1.614       0.92580168525
               1.616       0.92617696274
               1.618       0.92655259268
                1.62       0.92692857633
               1.622       0.92730491433
               1.624        0.9276816067
               1.626       0.92805865282
               1.628       0.92843605139
                1.63       0.92881380045
               1.632       0.92919189735
               1.634       0.92957033872
               1.636       0.92994912046
               1.638       0.93032823776
                1.64       0.93070768506
               1.642       0.93108745638
               1.644       0.93146754548
               1.646       0.93184794588
               1.648       0.93222865082
                1.65       0.93260965332
               1.652       0.93299094611
               1.654       0.93337252165
               1.656       0.93375437213
               1.658       0.93413648949
                1.66       0.93451886534
               1.662       0.93490149104
               1.664       0.93528435765
               1.666       0.93566745591
               1.668       0.93605077628
                1.67        0.9364343089
               1.672        0.9368180436
               1.674       0.93720196988
               1.676       0.93758607693
               1.678       0.93797035359
                1.68       0.93835478852
               1.682        0.9387393705
               1.684       0.93912408849
               1.686       0.93950893168
               1.688       0.93989388936
                1.69       0.94027895101
               1.692        0.9406641062
               1.694        0.9410493446
               1.696       0.94143465599
               1.698       0.94182003017
                 1.7       0.94220545701
               1.702       0.94259092638
               1.704       0.94297642817
               1.706       0.94336195223
               1.708       0.94374748838
                1.71       0.94413302637
               1.712       0.94451855588
               1.714       0.94490406649
               1.716       0.94528954765
               1.718       0.94567498868
                1.72       0.94606037871
               1.722       0.94644570673
               1.724       0.94683096153
               1.726       0.94721613194
               1.728       0.94760120728
                1.73       0.94798617752
               1.732       0.94837103339
               1.734       0.94875576635
               1.736       0.94914036854
               1.738        0.9495248328
                1.74       0.94990915263
               1.742       0.95029332218
               1.744       0.95067733625
               1.746       0.95106119026
               1.748       0.95144488023
                1.75       0.95182840276
               1.752       0.95221175505
               1.754       0.95259493483
               1.756        0.9529779404
               1.758       0.95336077056
                1.76       0.95374342466
               1.762       0.95412590252
               1.764       0.95450820446
               1.766       0.95489033127
               1.768       0.95527228419
                1.77        0.9556540649
               1.772       0.95603567552
               1.774       0.95641711859
               1.776       0.95679839702
               1.778       0.95717951413
                1.78       0.95756047362
               1.782       0.95794127954
               1.784       0.95832193627
               1.786       0.95870244857
               1.788       0.95908282147
                1.79       0.95946306033
               1.792       0.95984317082
               1.794       0.96022315887
               1.796       0.96060303069
               1.798       0.96098279274
                 1.8       0.96136245173
               1.802       0.96174201461
               1.804       0.96212148853
               1.806       0.96250088088
               1.808       0.96288019921
                1.81       0.96325945128
               1.812       0.96363864501
               1.814       0.96401778848
               1.816       0.96439688993
               1.818       0.96477595773
                1.82       0.96515500038
               1.822       0.96553402647
               1.824       0.96591304473
               1.826       0.96629206396
               1.828       0.96667109303
                1.83        0.9670501409
               1.832       0.96742921659
               1.834       0.96780832913
               1.836       0.96818748763
               1.838        0.9685667012
                1.84       0.96894597895
               1.842       0.96932533003
               1.844       0.96970476354
               1.846        0.9700842886
               1.848       0.97046391426
                1.85       0.97084364955
               1.852       0.97122350345
               1.854       0.97160348487
               1.856       0.97198360265
               1.858       0.97236386554
                1.86       0.97274428219
               1.862       0.97312486116
               1.864       0.97350561089
               1.866       0.97388653968
               1.868       0.97426765569
                1.87       0.97464896696
               1.872       0.97503048134
               1.874       0.97541220653
               1.876       0.97579415003
               1.878       0.97617631918
                1.88       0.97655872107
               1.882       0.97694136263
               1.884       0.97732425054
               1.886       0.97770739124
               1.888       0.97809079095
                1.89       0.97847445561
               1.892        0.9788583909
               1.894       0.97924260224
               1.896       0.97962709476
               1.898       0.98001187326
                 1.9       0.98039694227
               1.902       0.98078230599
               1.904       0.98116796827
               1.906       0.98155393265
               1.908       0.98194020229
                1.91          0.98232678
               1.912       0.98271366822
               1.914       0.98310086899
               1.916       0.98348838398
               1.918       0.98387621441
                1.92       0.98426436113
               1.922       0.98465282452
               1.924       0.98504160455
               1.926        0.9854307007
               1.928       0.98582011202
                1.93       0.98620983708
               1.932       0.98659987394
               1.934       0.98699022017
               1.936       0.98738087285
               1.938       0.98777182852
                1.94       0.98816308317
               1.942       0.98855463228
               1.944       0.98894647073
               1.946       0.98933859287
               1.948       0.98973099244
                1.95       0.99012366259
               1.952       0.99051659587
               1.954       0.99090978419
               1.956       0.99130321885
               1.958       0.99169689049
                1.96       0.99209078912
               1.962       0.99248490428
               1.964       0.99287922545
               1.966       0.99327374202
               1.968       0.99366844338
                1.97       0.99406331886
               1.972       0.99445835776
               1.974       0.99485354935
               1.976       0.99524888285
               1.978       0.99564434747
                1.98       0.99603993238
               1.982       0.99643562672
               1.984       0.99683141963
               1.986        0.9972273002
               1.988       0.99762325752
                1.99       0.99801928065
               1.992       0.99841535865
               1.994       0.99881148055
               1.996        0.9992076354
               1.998       0.99960381221
                   2                   1
