         15.36596851                   0                   0     0.0005595099627       0.05447479933                   0                   0
         15.56424367                   0                   0      0.003408883358       0.05531451339                   0                   0
         15.76251882                   0                   0      0.006000960779        0.0538438517     7.003827459e-05     0.0001881606938
         15.96079398                   0                   0      0.008050089955       0.05209997549     0.0004122769024      0.001118185996
         16.15906913                   0                   0       0.00984386785       0.05026299082     0.0007299084503      0.001980153759
         16.35734428                   0                   0       0.01152305175       0.04858733066      0.001019400209      0.002661198172
         16.55561944                   0                   0       0.01320085931       0.04695575688      0.001259364023      0.003072543035
         16.75389459                   0                   0       0.01461358476       0.04537556852      0.001494837533      0.003476350316
         16.95216975                   0                   0       0.01560850373       0.04372526431      0.001708545378      0.003843801388
          17.1504449                   0     1.895717708e-05       0.01650163641       0.04210485577      0.001899808874      0.004164735546
         17.34872005                   0     0.0006624461009       0.01752856137       0.04061230056      0.002049907294      0.004441593541
         17.54699521                   0      0.001333101227        0.0184154365       0.03908311878      0.002173348547       0.00468301851
         17.74527036     5.885288378e-05      0.001961296377       0.01914254245       0.03758479252      0.002277172907      0.004883156428
         17.94354552     0.0003837906651      0.002393279568       0.01984073271       0.03619727438       0.00238458137      0.005025564337
         18.14182067     0.0007289766685      0.002828878606       0.02006893894       0.03478137046      0.002475010639      0.005178441152
         18.34009582      0.001074780487      0.003263685708       0.02062224688       0.03335810712      0.002549535069      0.005295328061
         18.53837098      0.001352729156      0.003745365446       0.02078912218       0.03198238822      0.002609019404      0.005357793286
         18.73664613      0.001641484173      0.004208076693       0.02090145892        0.0307596679      0.002653455986      0.005411868985
         18.93492129      0.001935845964       0.00469796416       0.02102039506       0.02962964184       0.00266812767      0.005424076381
         19.13319644      0.002286004088      0.005177085017       0.02065150437       0.02874876644      0.002668671778      0.005420588675
         19.33147159      0.002665203609      0.005655910505       0.02021634462       0.02793211227      0.002637308981      0.005422668528
         19.52974675      0.002951348831      0.006119857272       0.01955156381        0.0271833723      0.002631868866      0.005405378317
          19.7280219      0.003352845673      0.006645828892       0.01883109467       0.02667953838      0.002617462454       0.00536494303
         19.92629706      0.003670835883      0.007132671674       0.01802728995       0.02612285379      0.002591496346      0.005301823498
         20.12457221      0.003995730133      0.007571089618       0.01721049501       0.02571409343      0.002561649305       0.00521134342
         20.32284736      0.004316803346      0.008021754454       0.01640403518       0.02521618565      0.002521509119      0.005113600737
         20.52112252      0.004650054162      0.008500251309       0.01551387376       0.02479115856      0.002473634724        0.0050089355
         20.71939767      0.005008262769      0.008929130184       0.01463482944        0.0242801402      0.002405648351      0.004905388896
         20.91767283      0.005324074893      0.009452938432       0.01387989147       0.02382272347      0.002340173458      0.004776330931
         21.11594798      0.005654962834      0.009930776963       0.01300466934       0.02321863437      0.002283887096      0.004663983393
         21.31422313      0.006082433112       0.01038070396       0.01224664518       0.02274191174      0.002213470142      0.004526238186
         21.51249829       0.00642745121       0.01080188733       0.01140436423       0.02230074494      0.002137179849      0.004391998817
         21.71077344       0.00674187442       0.01117378372       0.01063645358       0.02180768252      0.002059626345      0.004238469194
          21.9090486      0.007066710061       0.01159387771       0.00985833087       0.02124278973      0.001960495297      0.004090414181
         22.10732375      0.007440396086       0.01212468565      0.009104257795       0.02068062841      0.001842780899      0.003938982791
          22.3055989      0.007736109615       0.01252857718      0.008393598648       0.02006683454      0.001730224719      0.003787512642
         22.50387406      0.008092656126       0.01299866653      0.007643710228       0.01955374408      0.001612770018      0.003632439045
         22.70214921      0.008415129571        0.0134659922      0.007041956295       0.01892869439      0.001496593217      0.003471451957
         22.90042437      0.008696509358       0.01395124171      0.006414862131       0.01825164224      0.001384119281      0.003326754672
         23.09869952      0.008985095787       0.01439805516      0.005797726351       0.01758076469      0.001232790976      0.003155025797
         23.29697467      0.009341413073       0.01478225327      0.005248303727       0.01697814621      0.001086805791      0.003004551607
         23.49524983      0.009639652991        0.0151738239      0.004700909098       0.01636244542     0.0009457865624      0.002834246541
         23.69352498        0.0100141523       0.01564858039      0.004131047478       0.01573726705     0.0007839219637      0.002665011856
         23.89180014       0.01039666844       0.01617549456       0.00361709892        0.0150866369     0.0006433763221      0.002513454321
         24.09007529       0.01070573955       0.01654806709      0.003017072034       0.01436045794     0.0005137084317      0.002355741261
         24.28835044        0.0110261925       0.01701806903      0.002506192153       0.01368753048     0.0003806420343      0.002208109345
          24.4866256       0.01137311689       0.01737379011      0.002024954819        0.0130082986     0.0002709897179      0.002074484144
         24.68490075        0.0116830044       0.01772248347      0.001606424209       0.01235973475     0.0001571582661      0.001947880895
         24.88317591       0.01187376754       0.01812729459      0.001219715622       0.01181060914     7.402074245e-07      0.001822085775
         25.08145106       0.01200746545       0.01846217754     0.0009345292899       0.01117472606                   0      0.001703012356
         25.27972621       0.01227161957       0.01877796327     0.0006752299574       0.01058021595                   0       0.00159955381
         25.47800137       0.01237061899       0.01913875137     0.0004283120378      0.009979699087                   0       0.00150941083
         25.67627652       0.01249359833       0.01953682721     0.0001955552387      0.009447929142                   0      0.001411823601
         25.87455168       0.01260897151       0.01977760654     3.837705107e-06       0.00889238285                   0      0.001337776408
         26.07282683       0.01271701732       0.02005300613                   0      0.008436392351                   0      0.001271071457
         26.27110198       0.01286859643       0.02030852699                   0      0.007984960482                   0      0.001208747671
         26.46937714       0.01297379911       0.02058753597                   0       0.00757417833                   0      0.001149938111
         26.66765229       0.01304452121       0.02080453875                   0      0.007239666589                   0      0.001109787959
         26.86592745       0.01303627183       0.02101924823                   0       0.00695684678                   0      0.001075017952
          27.0642026       0.01287806328       0.02123452411                   0      0.006738002475                   0      0.001049964037
         27.26247775       0.01259239329       0.02143783543                   0      0.006572483031                   0      0.001032477777
         27.46075291       0.01225065121       0.02157928578                   0      0.006422918489                   0      0.001029408748
         27.65902806       0.01182818073       0.02163784984                   0       0.00630349968                   0      0.001036050409
         27.85730322       0.01157156843       0.02178695595                   0      0.006280473514                   0       0.00105234898
         28.05557837        0.0110149115        0.0217845836                   0        0.0063041337                   0       0.00107834395
         28.25385352       0.01051642088       0.02183872229                   0      0.006335722511                   0      0.001112994801
         28.45212868      0.009957881032       0.02189338686                   0      0.006477648632                   0      0.001155839316
         28.65040383      0.009153096772       0.02201709134                   0      0.006641278938                   0      0.001206239348
         28.84867899      0.008361268143       0.02206899404                   0      0.006877304847                   0      0.001263376359
         29.04695414      0.007277767474        0.0221750486                   0       0.00712874888                   0      0.001326256976
         29.24522929      0.006132118766       0.02218893033                   0      0.007399270091                   0      0.001393732383
         29.44350445      0.004508321125         0.022249887                   0      0.007732274851                   0      0.001464536433
          29.6417796      0.002687722424       0.02223456167                   0      0.008090075969                   0      0.001537348826
         29.84005476      0.001128833861       0.02232102199                   0      0.008500901049                   0      0.001610939908
         30.03832991                   0       0.02245330967                   0      0.008996359341                   0       0.00168470474
         30.23660507                   0        0.0224199549                   0      0.009547575835                   0      0.001758358327
         30.43488022                   0       0.02225798754                   0       0.01014193241                   0      0.001831584624
         30.63315537                   0       0.02206941814                   0       0.01081719288                   0      0.001904028869
         30.83143053                   0       0.02190840649                   0       0.01156410133                   0      0.001975294302
         31.02970568                   0       0.02176405767                   0       0.01238401244                   0      0.002044938642
         31.22798084                   0       0.02164103704                   0       0.01328130799                   0      0.002112470296
         31.42625599                   0       0.02136035908                   0       0.01426537285                   0      0.002177344287
         31.62453114                   0       0.02099539056                   0       0.01533935248                   0      0.002238957867
          31.8228063                   0       0.02057219181                   0       0.01650872365                   0       0.00229664583
         32.02108145                   0       0.02019484756                   0       0.01777580391                   0      0.002349675479
         32.21935661                   0        0.0198285147                   0       0.01914236849                   0      0.002397241266
         32.41763176                   0       0.01934433295                   0       0.02060948118                   0        0.0024384591
         32.61590691                   0       0.01862892129                   0       0.02217756508                   0      0.002472360322
         32.81418207                   0       0.01794946134                   0         0.023846561                   0      0.002497885378
         33.01245722                   0       0.01722449851                   0       0.02561623213                   0      0.002513877216
         33.21073238                   0       0.01588690345                   0       0.02748669838                   0      0.002519074462
         33.40900753                   0       0.01434114995                   0       0.02945930312                   0      0.002512104449
         33.60728268                   0       0.01275574092                   0       0.03153795492                   0      0.002491476198
         33.80555784                   0       0.01113808386                   0       0.03373096005                   0      0.002455573504
         34.00383299                   0       0.00949541107                   0       0.03604736036                   0      0.002402648305
         34.20210815                   0      0.007834557819                   0       0.03849242252                   0      0.002330814595
          34.4003833                   0      0.006161775771                   0        0.0410710321                   0      0.002238043211
         34.59865845                   0       0.00448264269                   0       0.04378788806                   0      0.002122157909
         34.79693361                   0      0.002802164902                   0       0.04664741002                   0      0.001980833296
