         15.36596851     2.438279892e-05      0.009992411977      0.003260656833      0.007999669477     0.0003951492034      0.000951437347
         15.56424367     5.163504774e-05       0.01323764235       0.00652300147       0.01597845809     0.0007919136714       0.00190337769
         15.76251882     8.436113479e-05       0.01343818303      0.009788722461       0.02391488568      0.001191883898      0.002857641651
         15.96079398      0.000120113978       0.01343818303       0.01305990914       0.03178709631      0.001596614506      0.003817507882
         16.15906913     0.0001677606466       0.01343818303       0.01633927724        0.0395733625      0.002005963311      0.004776089664
         16.35734428      0.000233495602       0.01343818303       0.01962997179       0.04725228036      0.002424382211      0.005728746349
         16.55561944     0.0003123686483       0.01343818303       0.02293540757       0.05480278041      0.002851845365       0.00668509562
         16.75389459     0.0004143063802       0.01343818303       0.02626450753       0.06220469778      0.003289476928      0.007642494064
         16.95216975     0.0005412798375       0.01343818303       0.02973491337       0.06954108081      0.003738235427      0.008628617511
          17.1504449     0.0006904006501       0.01343818303       0.03327223765       0.07673983143      0.004199000191      0.009643129384
         17.34872006     0.0008693706079       0.01343818303       0.03688282331       0.08333076096      0.004669513043       0.01065057115
         17.54699521      0.001083139344       0.01343818303       0.04048324627       0.08995441098      0.005150405752       0.01169212072
         17.74527036      0.001332147563       0.01343818303       0.04413359509       0.09634179049      0.005645453569       0.01274846599
         17.94354552      0.001646774913       0.01343818303       0.04785449264         0.102339688      0.006152796173       0.01379977275
         18.14182067        0.0019390482       0.01343818303        0.0516506824        0.1082226797      0.006684385063       0.01489084545
         18.34009582       0.00229798864       0.01343818303       0.05547909121        0.1134560632      0.007215676986       0.01599609542
         18.53837098      0.002700541897       0.01343818303        0.0594802306        0.1184974887      0.007756930485       0.01714490161
         18.73664613      0.003135391636       0.01343818303       0.06347145804        0.1235851529      0.008308263669       0.01837953233
         18.93492129      0.003622695859       0.01374581238       0.06733202587         0.128158895      0.008871245436       0.01957425979
         19.13319644       0.00411841154       0.01469387011       0.07134922825         0.132540782      0.009464411344       0.02066548468
          19.3314716      0.004657986257       0.01597478056       0.07594986108         0.136667206       0.01004541941       0.02182859347
         19.52974675      0.005210744675       0.01749034711       0.08030382147        0.1406780003       0.01062553235       0.02299337622
          19.7280219      0.005931619344       0.01903964544        0.0840908748         0.144605548       0.01123191237       0.02408310621
         19.92629706      0.006637913381       0.02067534834       0.08884460255        0.1483068658       0.01181252529       0.02513060603
         20.12457221      0.007381521677       0.02237271393       0.09342359596        0.1515774967       0.01238713405       0.02623282075
         20.32284737      0.008049136351       0.02387064761       0.09745091752        0.1546378957       0.01295550353       0.02732810987
         20.52112252      0.008857833472       0.02577691119        0.1013710249        0.1576695904       0.01351571045       0.02845462835
         20.71939767      0.009778626133       0.02785131258        0.1048967742        0.1604970371       0.01406591702       0.02923434863
         20.91767283       0.01074355434       0.02973251202        0.1085263803        0.1632123364       0.01460438067       0.03014106946
         21.11594798       0.01165296441       0.03189562338         0.112561048        0.1660787609       0.01513159163       0.03115821182
         21.31422313       0.01280453459       0.03379969604        0.1158262212        0.1680795222       0.01568164153        0.0321183235
         21.51249829       0.01400710193       0.03588841439        0.1187089772        0.1705163566       0.01621709875       0.03301036737
         21.71077344       0.01534081529       0.03798550755        0.1219284567        0.1728043114       0.01673629323       0.03375373023
          21.9090486       0.01660951564        0.0399129836        0.1247603145        0.1749189952       0.01723768262       0.03446377595
         22.10732375       0.01796776481       0.04221840376        0.1276453348        0.1766096203       0.01768405778       0.03538172146
         22.30559891       0.01937823974       0.04480966958        0.1304166715        0.1786291485       0.01810345566       0.03608794027
         22.50387406       0.02087974041       0.04732015545         0.133180715        0.1801503575       0.01850176514       0.03683616927
         22.70214921       0.02246069963       0.05035620504        0.1358077059         0.182090256       0.01887873438       0.03732673807
         22.90042437       0.02412529564       0.05307244394         0.138338441        0.1830600442       0.01922720039       0.03785199309
         23.09869952       0.02594941721       0.05617940083        0.1406097239        0.1846500786       0.01947937745       0.03856000473
         23.29697468       0.02770051861       0.05859178143         0.142474793        0.1860606293       0.01978814657       0.03927563619
         23.49524983       0.02951272438       0.06124557299        0.1435743289        0.1872983417        0.0200315081       0.03974006232
         23.69352498       0.03171211802       0.06410183163        0.1449409594        0.1880374747       0.02021201494       0.04023261795
         23.89180014       0.03400065506       0.06694017674        0.1467081007        0.1898317147       0.02042173629       0.04070768927
         24.09007529       0.03609349463       0.06973280809        0.1479605945        0.1913686466       0.02062098414       0.04106634975
         24.28835044       0.03826408825       0.07306087585        0.1496666758        0.1929877206        0.0207843291       0.04123695334
          24.4866256       0.04056494941        0.0759644262        0.1504232024        0.1945654563       0.02093182177        0.0413537929
         24.68490075       0.04316131725       0.07918360367        0.1513537427        0.1960549188       0.02106112769       0.04141895514
         24.88317591       0.04575156575       0.08244316075        0.1522353997        0.1971118489       0.02116740793       0.04159215979
         25.08145106       0.04843915422       0.08574322726         0.152774157        0.1980687119       0.02125363062       0.04175548855
         25.27972622       0.05106577313       0.08893604341        0.1529866481        0.1991192192       0.02131154876       0.04186667177
         25.47800137       0.05340482155       0.09212412945        0.1535182149        0.2004094003       0.02136273631       0.04194974843
         25.67627652       0.05619604876       0.09551848254        0.1538914767        0.2016236168       0.02137173282       0.04200571752
         25.87455168       0.05885475389       0.09907374697        0.1548537531        0.2025930216       0.02137882616       0.04203335379
         26.07282683       0.06181184687        0.1031971255         0.155687966         0.203384745       0.02137882616       0.04203335379
         26.27110199       0.06434694797        0.1071774521        0.1561023489        0.2044703645       0.02137882616       0.04203335379
         26.46937714       0.06786808273        0.1113747076        0.1565235165        0.2052557984       0.02138281321       0.04203335379
         26.66765229       0.07063121284        0.1153055991        0.1569192009        0.2059617806        0.0213860232       0.04203335379
         26.86592745       0.07355793404        0.1190259813         0.157286083        0.2066760486        0.0213860232       0.04203335379
          27.0642026       0.07669719834        0.1224476022        0.1574833374        0.2070390948        0.0213860232       0.04203335379
         27.26247775       0.07991905072        0.1260932699        0.1575719926        0.2075710277        0.0213860232       0.04203335379
         27.46075291       0.08280740909        0.1292500204        0.1578913058        0.2080615693        0.0213860232       0.04203335379
         27.65902806       0.08556803755        0.1324829657        0.1581583097        0.2083466855        0.0213860232       0.04203335379
         27.85730322       0.08847534768        0.1364348501        0.1582884492        0.2084445312        0.0213860232       0.04203335379
         28.05557837       0.09138932664        0.1401092618        0.1586299902        0.2086671287        0.0213860232       0.04203335379
         28.25385353       0.09442902672         0.143482946        0.1590025233        0.2090871011        0.0213860232       0.04203335379
         28.45212868       0.09735459427        0.1465768881        0.1593645594        0.2094458907        0.0213860232       0.04203335379
         28.65040383        0.1001007576        0.1495132168        0.1593645594        0.2097524788        0.0213860232       0.04203335379
         28.84867899        0.1025079317        0.1525616028        0.1594858102        0.2100170432        0.0213860232       0.04203335379
         29.04695414        0.1052899657        0.1553208523        0.1599227178        0.2105945931       0.02148218543       0.04203335379
          29.2452293        0.1075868995        0.1586736702        0.1599227178        0.2108849688       0.02159165425       0.04203335379
         29.44350445        0.1100176879        0.1618636575        0.1599227178        0.2109901516       0.02159165425       0.04203335379
          29.6417796        0.1121456843        0.1653390767        0.1599227178        0.2112015221       0.02159165425       0.04203335379
         29.84005476          0.11419333        0.1682271239        0.1599227178        0.2116917507       0.02172575653       0.04203335379
         30.03832991        0.1161297863        0.1708608088        0.1599227178        0.2122793884       0.02187219173       0.04203335379
         30.23660506        0.1180828582        0.1736627554        0.1599227178        0.2128642752        0.0219515977       0.04203335379
         30.43488022        0.1197781338        0.1753573189        0.1599227178          0.21408059       0.02203291353       0.04213254781
         30.63315537        0.1207650041        0.1779250443        0.1599227178        0.2149497658       0.02203291353       0.04231197627
         30.83143053        0.1207650041        0.1808575318        0.1599227178        0.2162789423       0.02205810753       0.04269938356
         31.02970568        0.1207650041        0.1837355181        0.1599227178        0.2173764189       0.02205810753       0.04306906491
         31.22798084        0.1207650041        0.1863174567        0.1599227178        0.2184340054       0.02205810753         0.043394045
         31.42625599        0.1207650041         0.189132199        0.1599227178        0.2196016333       0.02205810753       0.04371146171
         31.62453114        0.1207650041        0.1926704227        0.1599227178        0.2215810482       0.02205810753       0.04406809216
          31.8228063        0.1207650041        0.1940971647        0.1599227178        0.2232138871       0.02205810753       0.04442072651
         32.02108145        0.1207650041        0.1968020462        0.1599227178        0.2254277484       0.02205810753       0.04481046591
         32.21935661        0.1207650041         0.199605216        0.1599227178        0.2277782257       0.02205810753       0.04516367715
         32.41763176        0.1207650041        0.2017854744        0.1599227178        0.2297238021       0.02205810753       0.04555393078
         32.61590691        0.1207650041         0.205310329        0.1599227178        0.2323939601       0.02205810753       0.04595615299
         32.81418207        0.1207650041        0.2080790386        0.1599227178        0.2351017021       0.02205810753       0.04636995707
         33.01245722        0.1207650041        0.2109734899        0.1599227178        0.2376235625       0.02205810753       0.04669162324
         33.21073237        0.1207650041        0.2137463951        0.1599227178        0.2402414502       0.02205810753       0.04721382792
         33.40900753        0.1207650041        0.2158756747        0.1599227178        0.2432933432       0.02205810753       0.04767574369
         33.60728268        0.1207650041        0.2184812442        0.1599227178        0.2467493707       0.02205810753       0.04813041403
         33.80555784        0.1207650041        0.2210289045        0.1599227178        0.2501392843       0.02205810753       0.04859378113
         34.00383299        0.1207650041        0.2239041007        0.1599227178        0.2534948405       0.02205810753       0.04906295746
         34.20210815        0.1207650041        0.2267547303        0.1599227178        0.2572353228       0.02205810753       0.04954362388
          34.4003833        0.1207650041        0.2296723656        0.1599227178        0.2610294904       0.02205810753        0.0500284131
         34.59865845        0.1207650041        0.2316242474        0.1599227178        0.2641456597       0.02205810753       0.05051862763
         34.79693361        0.1207650041        0.2335663135        0.1599227178        0.2678855482       0.02205810753        0.0510132155
