        15.167693361         0
        16.435318275         2
         17.59890486         0
        17.987679672         0
        18.351813826         0
        18.472279261         0
        18.559890486         0
        18.631074606         0
        18.658453114         0
        18.674880219         0
        18.683093771         0
        18.710472279         0
        18.858316222         0
        18.874743326         0
        18.913073238         0
         18.92128679         0
        18.940451745         0
        18.945927447         2
        18.954140999         0
        18.954140999         0
        18.995208761         0
        19.000684463         0
        19.008898015         0
        19.017111567         0
        19.069130732         0
        19.107460643         0
        19.115674196         0
        19.145790554         0
        19.162217659         2
        19.173169062         0
         19.23340178         0
        19.241615332         0
        19.241615332         0
        19.249828884         0
        19.252566735         0
        19.258042437         0
          19.3045859         0
        19.315537303         0
         19.34017796         0
         19.34017796         0
        19.342915811         0
        19.342915811         2
        19.348391513         0
        19.362080767         2
        19.364818617         0
         19.37577002         0
        19.378507871         0
        19.381245722         0
        19.389459274         0
        19.392197125         0
        19.394934976         2
        19.405886379         0
        19.414099932         0
        19.438740589         0
        19.474332649         0
        19.493497604         2
        19.496235455         2
        19.507186858         0
        19.518138261         0
        19.520876112         2
        19.534565366         0
         19.54825462         2
         19.58384668         0
        19.600273785         0
        19.622176591         0
        19.624914442         2
        19.633127995         0
        19.676933607         0
        19.690622861         2
        19.707049966         0
        19.712525667         0
         19.72073922         2
        19.745379877         0
        19.759069131         0
        19.767282683         0
        19.778234086         0
        19.783709788         0
         19.79192334         0
        19.802874743         3
        19.816563997         2
        19.819301848         0
        19.819301848         0
        19.822039699         0
        19.832991102         0
        19.835728953         0
        19.841204654         0
        19.846680356         2
        19.849418207         0
        19.879534565         2
        19.882272416         0
        19.890485968         0
        19.901437372         0
        19.901437372         0
        19.904175223         0
        19.904175223         0
        19.909650924         0
        19.923340178         0
        19.926078029         0
         19.93155373         0
         19.93155373         0
        19.939767283         0
        19.945242984         3
        19.958932238         0
        19.961670089         0
        19.967145791         0
        19.972621492         0
        19.975359343         0
        19.983572895         0
        19.983572895         0
        19.983572895         0
        19.991786448         0
                  20         1
        20.005475702         0
        20.032854209         0
         20.03559206         0
        20.038329911         3
        20.052019165         0
        20.057494867         0
        20.060232717         0
         20.06844627         0
        20.073921971         0
        20.076659822         2
        20.079397673         0
        20.082135524         0
        20.082135524         3
        20.084873374         0
        20.090349076         2
        20.114989733         3
        20.117727584         0
        20.117727584         0
        20.131416838         0
        20.134154689         0
        20.147843942         2
        20.156057495         0
        20.158795346         0
         20.17522245         0
        20.180698152         0
        20.180698152         0
        20.183436003         2
        20.188911704         0
        20.199863108         0
        20.205338809         0
        20.213552361         0
        20.221765914         0
        20.232717317         0
        20.246406571         0
        20.246406571         0
        20.249144422         0
        20.251882272         2
        20.290212183         2
        20.295687885         0
        20.303901437         2
        20.306639288         0
        20.339493498         0
        20.344969199         0
        20.344969199         0
         20.34770705         0
        20.364134155         0
        20.364134155         0
        20.369609856         0
        20.375085558         0
         20.38329911         0
        20.407939767         2
        20.413415469         0
         20.41889117         0
         20.41889117         3
        20.429842574         2
        20.432580424         0
        20.435318275         0
        20.449007529         0
        20.459958932         0
        20.459958932         0
        20.459958932         2
        20.462696783         2
        20.468172485         0
        20.470910335         0
        20.473648186         3
        20.476386037         2
        20.484599589         0
        20.490075291         0
        20.495550993         2
        20.498288843         0
        20.514715948         0
        20.517453799         0
        20.525667351         0
        20.525667351         0
        20.528405202         0
        20.528405202         0
        20.536618754         0
        20.561259411         0
        20.563997262         0
        20.566735113         3
        20.574948665         0
        20.583162218         2
        20.594113621         0
        20.596851472         2
        20.602327173         0
        20.602327173         1
        20.605065024         0
        20.621492129         2
        20.640657084         0
        20.657084189         3
        20.668035592         2
        20.670773443         0
        20.676249144         0
        20.676249144         0
        20.678986995         0
        20.698151951         0
        20.698151951         0
        20.703627652         0
        20.725530459         0
         20.73100616         0
        20.736481862         0
        20.747433265         2
        20.752908967         0
        20.752908967         2
        20.755646817         0
         20.76659822         0
        20.769336071         0
        20.772073922         0
        20.780287474         0
        20.804928131         0
        20.804928131         0
        20.810403833         0
        20.810403833         0
        20.829568789         0
        20.837782341         0
        20.854209446         0
        20.862422998         2
        20.865160849         0
        20.873374401         0
        20.873374401         2
        20.889801506         0
        20.895277207         0
        20.898015058         0
         20.90349076         0
        20.914442163         0
        20.917180014         0
        20.919917865         0
        20.941820671         2
        20.944558522         0
        20.955509925         0
        20.960985626         0
         20.97467488         0
        20.977412731         0
        20.991101985         0
        21.013004791         0
        21.026694045         0
        21.034907597         0
         21.04312115         0
        21.045859001         0
        21.051334702         0
        21.054072553         2
        21.059548255         0
        21.084188912         0
        21.086926762         0
        21.086926762         0
        21.086926762         0
        21.086926762         3
        21.092402464         0
        21.097878166         0
        21.106091718         0
        21.108829569         0
        21.127994524         0
        21.136208077         0
        21.138945927         0
        21.155373032         0
        21.160848734         0
        21.169062286         0
        21.174537988         0
        21.177275839         0
        21.185489391         0
        21.193702943         2
        21.212867899         0
        21.223819302         0
        21.229295003         0
        21.229295003         0
        21.229295003         2
        21.240246407         0
         21.25119781         0
        21.253935661         0
        21.275838467         0
        21.275838467         2
         21.28678987         0
        21.289527721         0
        21.289527721         0
        21.292265571         0
        21.297741273         0
        21.300479124         0
        21.303216975         0
        21.308692676         2
        21.314168378         0
        21.330595483         2
        21.333333333         0
        21.336071184         0
        21.336071184         2
        21.341546886         0
        21.347022587         0
        21.352498289         0
         21.35523614         0
         21.35797399         0
        21.374401095         0
        21.379876797         0
        21.401779603         0
        21.412731006         0
        21.420944559         0
        21.423682409         0
        21.448323066         0
        21.467488022         0
         21.49486653         0
        21.505817933         0
        21.527720739         0
         21.53045859         2
        21.544147844         0
        21.552361396         2
        21.560574949         0
          21.5633128         0
        21.568788501         0
        21.574264203         2
        21.587953456         0
         21.60164271         2
        21.623545517         0
        21.629021218         0
         21.63449692         0
        21.645448323         0
        21.650924025         0
        21.659137577         0
         21.67008898         0
        21.681040383         0
        21.686516085         2
        21.689253936         0
        21.691991786         0
        21.694729637         0
        21.697467488         0
        21.697467488         2
         21.70568104         0
         21.70568104         0
        21.713894593         0
         21.73853525         0
        21.741273101         0
        21.752224504         0
         21.77412731         0
        21.785078713         0
        21.787816564         2
        21.796030116         0
        21.798767967         2
        21.831622177         0
        21.837097878         0
         21.84257358         0
        21.853524983         0
        21.872689938         0
         21.87816564         0
        21.916495551         0
        21.952087611         0
        21.965776865         0
        21.973990418         0
        21.984941821         1
         22.01779603         0
        22.036960986         0
        22.036960986         0
        22.042436687         0
         22.05065024         0
         22.05065024         0
         22.05065024         0
        22.067077344         2
        22.069815195         0
        22.080766598         2
          22.0862423         0
        22.088980151         0
        22.108145106         0
        22.108145106         3
        22.119096509         2
        22.132785763         0
        22.135523614         0
        22.151950719         0
        22.162902122         0
        22.182067077         2
         22.19028063         0
        22.195756331         2
        22.209445585         0
        22.234086242         0
        22.234086242         2
        22.242299795         0
        22.245037645         2
        22.247775496         3
        22.275154004         0
        22.280629706         0
        22.324435318         0
        22.373716632         0
        22.392881588         0
        22.403832991         2
        22.417522245         0
        22.420260096         0
        22.422997947         0
        22.422997947         3
        22.425735797         3
        22.428473648         0
        22.431211499         0
          22.4366872         0
          22.4366872         0
        22.442162902         2
        22.461327858         0
        22.461327858         0
        22.472279261         0
        22.491444216         0
        22.491444216         2
        22.494182067         0
        22.494182067         0
        22.516084873         0
        22.521560575         0
        22.529774127         0
        22.532511978         0
        22.559890486         0
        22.570841889         0
        22.592744695         0
        22.592744695         0
        22.614647502         0
        22.631074606         2
        22.636550308         0
        22.636550308         0
        22.647501711         0
        22.652977413         2
        22.672142368         0
        22.762491444         0
        22.762491444         2
        22.765229295         0
        22.770704997         0
        22.773442847         0
          22.7816564         0
        22.800821355         0
         22.81724846         0
        22.819986311         2
        22.828199863         0
        22.833675565         2
        22.841889117         0
         22.92128679         0
        22.926762491         0
        22.932238193         0
        22.932238193         0
        22.951403148         0
        22.954140999         0
        22.967830253         0
        22.967830253         2
        22.970568104         0
        22.981519507         0
        22.986995209         0
        23.003422313         2
        23.008898015         0
        23.019849418         0
         23.02532512         0
        23.039014374         0
        23.044490075         0
        23.052703628         0
        23.055441478         0
        23.077344285         0
        23.088295688         0
        23.110198494         0
         23.12936345         0
        23.154004107         0
        23.175906913         1
        23.184120465         0
        23.192334018         0
        23.230663929         0
        23.249828884         1
        23.252566735         3
        23.266255989         0
        23.271731691         2
        23.285420945         0
        23.296372348         0
        23.307323751         0
        23.307323751         0
        23.318275154         0
        23.321013005         0
        23.331964408         2
        23.334702259         0
        23.345653662         0
        23.351129363         0
        23.367556468         0
         23.37303217         0
         23.37577002         0
        23.381245722         0
        23.433264887         0
        23.452429843         0
        23.455167693         0
        23.460643395         2
        23.471594798         0
        23.493497604         0
        23.493497604         0
        23.504449007         0
        23.509924709         2
        23.515400411         0
        23.518138261         0
        23.531827515         3
        23.537303217         0
        23.537303217         1
        23.540041068         3
        23.545516769         3
        23.561943874         0
        23.561943874         0
        23.572895277         2
        23.586584531         0
        23.592060233         0
        23.597535934         1
        23.622176591         0
        23.627652293         2
        23.646817248         0
        23.655030801         0
        23.676933607         2
        23.693360712         0
        23.693360712         1
        23.701574264         0
        23.712525667         0
        23.718001369         0
        23.718001369         0
        23.731690623         0
        23.737166324         0
        23.737166324         0
        23.772758385         0
        23.797399042         0
        23.802874743         0
        23.816563997         2
         23.82477755         1
          23.8275154         0
          23.8275154         2
        23.832991102         0
        23.841204654         0
        23.846680356         2
        23.852156058         0
        23.865845311         0
        23.917864476         2
        23.939767283         1
        23.945242984         0
        23.991786448         0
        23.994524298         0
                  24         0
                  24         2
        24.010951403         0
        24.010951403         0
        24.019164955         0
        24.027378508         0
        24.041067762         0
        24.043805613         0
        24.046543463         2
         24.06844627         2
         24.07118412         2
        24.079397673         0
        24.087611225         0
        24.090349076         0
        24.095824777         0
        24.101300479         0
        24.147843942         0
        24.147843942         0
        24.153319644         0
        24.153319644         2
        24.153319644         2
        24.156057495         0
        24.156057495         0
        24.164271047         0
        24.167008898         1
        24.167008898         2
          24.1724846         0
        24.183436003         2
         24.20807666         0
        24.229979466         0
        24.232717317         0
         24.24366872         0
        24.254620123         0
        24.262833676         0
        24.262833676         2
        24.268309377         0
        24.287474333         0
        24.298425736         0
        24.303901437         0
        24.317590691         0
        24.323066393         2
        24.325804244         0
        24.355920602         0
        24.355920602         0
        24.369609856         1
        24.391512663         0
        24.391512663         0
        24.399726215         0
        24.402464066         2
        24.405201917         0
        24.407939767         0
        24.440793977         0
        24.446269678         0
         24.45174538         0
        24.459958932         0
        24.470910335         0
          24.5229295         0
        24.525667351         1
        24.542094456         0
        24.542094456         2
        24.547570157         2
        24.561259411         0
        24.563997262         0
        24.580424367         3
        24.607802875         0
        24.616016427         0
        24.616016427         0
        24.618754278         2
        24.635181383         0
        24.640657084         0
         24.66255989         0
        24.665297741         2
        24.668035592         0
        24.678986995         0
        24.684462697         0
        24.750171116         0
        24.758384668         2
         24.76386037         0
         24.76659822         2
        24.772073922         0
        24.777549624         0
        24.793976728         2
        24.810403833         0
        24.818617385         0
        24.821355236         0
        24.845995893         2
        24.859685147         0
        24.867898699         0
        24.892539357         0
         24.90349076         0
         24.90349076         0
        24.908966461         0
        24.908966461         2
        24.919917865         0
        24.944558522         0
        24.958247775         0
        24.969199179         0
        24.969199179         0
        24.991101985         2
        25.004791239         0
         25.00752909         0
        25.021218344         0
        25.037645448         2
         25.04312115         2
        25.045859001         0
        25.048596852         0
        25.051334702         2
        25.073237509         2
         25.07871321         2
        25.086926762         2
        25.089664613         2
        25.092402464         0
        25.092402464         1
        25.095140315         0
        25.095140315         0
        25.103353867         0
        25.119780972         0
        25.136208077         0
        25.160848734         0
        25.166324435         0
        25.174537988         0
        25.174537988         0
        25.226557153         3
        25.242984257         0
        25.259411362         1
        25.262149213         0
        25.295003422         2
         25.32238193         0
        25.327857632         0
        25.338809035         3
        25.344284737         0
        25.409993155         0
        25.440109514         1
        25.442847365         2
        25.456536619         0
        25.464750171         0
        25.475701574         0
        25.475701574         2
        25.483915127         0
        25.486652977         0
        25.492128679         0
        25.500342231         0
        25.514031485         0
        25.527720739         0
        25.527720739         0
        25.533196441         0
        25.538672142         0
        25.544147844         2
        25.582477755         2
        25.587953456         0
         25.59890486         0
        25.615331964         0
        25.615331964         2
        25.618069815         1
        25.642710472         0
        25.653661875         2
        25.675564682         0
        25.675564682         2
        25.689253936         2
        25.694729637         2
        25.722108145         0
        25.752224504         0
        25.760438056         0
        25.771389459         0
        25.771389459         0
        25.790554415         0
        25.804243669         0
        25.820670773         0
        25.837097878         0
        25.837097878         0
        25.848049281         2
        25.886379192         3
        25.902806297         0
        25.902806297         2
          25.9137577         0
        25.930184805         0
        25.941136208         0
        25.968514716         1
        25.971252567         1
        25.979466119         0
        25.987679672         2
        25.998631075         0
        26.012320328         0
        26.012320328         0
        26.020533881         0
        26.031485284         2
        26.042436687         2
          26.0862423         0
        26.105407255         0
        26.110882957         0
        26.124572211         0
        26.135523614         0
        26.135523614         0
        26.149212868         0
         26.15742642         0
        26.187542779         0
        26.195756331         0
        26.201232033         0
        26.250513347         0
        26.253251198         0
        26.264202601         0
        26.264202601         0
        26.266940452         3
        26.269678303         0
        26.277891855         1
        26.280629706         2
        26.321697468         0
        26.338124572         0
        26.351813826         2
        26.351813826         3
        26.362765229         0
        26.362765229         0
         26.36550308         1
        26.379192334         2
        26.403832991         0
        26.444900753         0
        26.466803559         0
        26.491444216         2
        26.499657769         2
        26.516084873         3
        26.535249829         0
        26.543463381         0
        26.546201232         0
        26.576317591         0
        26.595482546         0
        26.595482546         0
        26.606433949         0
        26.614647502         0
        26.617385353         0
         26.64476386         0
        26.647501711         0
        26.650239562         2
        26.666666667         1
         26.67761807         0
         26.67761807         2
        26.683093771         2
        26.702258727         0
        26.757015743         0
        26.757015743         2
        26.765229295         0
        26.765229295         0
        26.800821355         0
        26.800821355         0
        26.847364819         0
        26.850102669         0
        26.850102669         0
        26.850102669         1
        26.855578371         0
        26.863791923         1
        26.866529774         0
        26.866529774         0
        26.899383984         0
        26.904859685         0
        26.940451745         2
        26.943189596         2
        26.943189596         2
        26.945927447         0
        26.945927447         2
        26.951403148         0
        26.954140999         0
        26.962354552         0
        26.997946612         2
        27.006160164         0
        27.019849418         0
        27.019849418         0
        27.047227926         0
        27.088295688         0
        27.091033539         0
        27.101984942         1
        27.107460643         0
        27.107460643         2
        27.110198494         0
        27.112936345         0
        27.121149897         0
        27.170431211         0
        27.192334018         0
        27.203285421         2
        27.208761123         1
         27.23340178         2
        27.252566735         2
        27.258042437         0
        27.271731691         0
        27.271731691         2
        27.310061602         0
        27.323750856         2
        27.326488706         0
        27.329226557         0
        27.329226557         0
        27.329226557         2
        27.364818617         0
        27.370294319         0
        27.381245722         0
        27.397672827         0
        27.400410678         0
        27.403148528         1
         27.40862423         2
        27.411362081         0
        27.411362081         0
        27.414099932         0
        27.438740589         0
        27.449691992         0
         27.47980835         1
        27.488021903         0
        27.493497604         0
        27.498973306         0
        27.507186858         0
        27.520876112         0
        27.529089665         0
        27.542778919         1
        27.545516769         0
        27.561943874         0
         27.58110883         0
        27.589322382         0
        27.592060233         2
        27.594798083         0
         27.61670089         0
        27.619438741         1
        27.627652293         0
        27.638603696         0
        27.649555099         0
        27.649555099         1
        27.655030801         0
        27.663244353         0
        27.698836413         0
        27.715263518         0
         27.72347707         0
         27.72347707         0
        27.789185489         0
        27.811088296         3
          27.8275154         2
        27.843942505         2
         27.86036961         1
        27.868583162         0
        27.893223819         0
        27.898699521         2
        27.909650924         0
        27.926078029         1
         27.92881588         0
        27.958932238         2
        27.967145791         2
        27.967145791         2
        27.994524298         1
        28.010951403         0
        28.019164955         0
        28.038329911         0
        28.043805613         0
        28.052019165         3
        28.060232717         0
        28.062970568         1
        28.082135524         0
         28.13963039         0
        28.147843942         0
         28.17522245         1
        28.188911704         0
        28.194387406         2
        28.224503764         0
        28.229979466         0
        28.251882272         0
        28.260095825         1
        28.265571526         0
        28.292950034         0
        28.295687885         1
        28.298425736         0
         28.34770705         1
         28.34770705         1
        28.355920602         0
        28.364134155         2
        28.380561259         0
         28.38329911         0
        28.391512663         1
        28.402464066         2
        28.405201917         0
        28.405201917         1
        28.405201917         2
         28.41615332         0
        28.429842574         2
        28.435318275         0
         28.45174538         0
        28.454483231         0
        28.462696783         0
        28.481861739         1
        28.490075291         0
        28.490075291         0
        28.498288843         0
        28.501026694         1
        28.517453799         2
        28.528405202         1
        28.544832307         0
        28.550308008         0
        28.563997262         0
        28.566735113         0
        28.577686516         0
        28.577686516         0
        28.588637919         0
        28.599589322         3
        28.635181383         0
        28.651608487         0
        28.654346338         0
         28.66255989         2
        28.668035592         2
        28.678986995         2
        28.741957563         0
        28.747433265         2
        28.769336071         3
        28.772073922         0
        28.774811773         0
        28.780287474         0
         28.79945243         2
        28.818617385         0
        28.843258042         0
        28.848733744         0
        28.851471595         0
        28.856947296         0
        28.856947296         0
        28.859685147         2
        28.892539357         1
        28.919917865         0
        28.928131417         2
        28.947296372         0
        28.950034223         0
        28.950034223         2
        28.971937029         0
        28.985626283         0
        28.985626283         0
        28.993839836         0
         29.01026694         0
         29.01026694         0
        29.029431896         2
        29.034907597         2
        29.037645448         0
        29.040383299         0
        29.040383299         1
        29.040383299         2
        29.054072553         0
        29.056810404         1
        29.059548255         0
        29.097878166         1
        29.119780972         0
        29.133470226         2
        29.138945927         0
        29.158110883         0
        29.169062286         0
        29.185489391         0
        29.185489391         0
        29.185489391         0
        29.190965092         2
        29.201916496         0
        29.226557153         1
        29.226557153         2
        29.226557153         2
        29.229295003         3
        29.232032854         0
        29.237508556         1
        29.256673511         0
        29.262149213         0
        29.284052019         0
        29.308692676         1
        29.316906229         0
         29.32238193         0
        29.325119781         0
        29.338809035         0
        29.341546886         3
        29.352498289         2
         29.35797399         1
        29.379876797         0
        29.382614647         0
        29.385352498         0
        29.388090349         2
        29.399041752         0
        29.404517454         0
        29.407255305         2
        29.415468857         0
        29.445585216         0
        29.451060917         0
        29.451060917         0
         29.46201232         0
        29.472963724         0
         29.53045859         1
        29.549623546         0
        29.557837098         0
          29.5633128         0
        29.571526352         0
        29.579739904         0
        29.585215606         0
         29.60164271         1
        29.612594114         0
        29.626283368         0
        29.661875428         0
        29.672826831         0
        29.691991786         0
        29.722108145         0
        29.733059548         2
        29.744010951         0
        29.776865161         0
        29.785078713         1
        29.815195072         0
        29.831622177         0
         29.84257358         1
        29.856262834         0
        29.856262834         2
        29.902806297         0
         29.94661191         0
        29.960301164         3
        29.963039014         0
        29.965776865         0
        29.973990418         0
        29.990417522         2
        30.012320328         0
        30.026009582         0
        30.026009582         2
        30.031485284         0
        30.045174538         0
        30.072553046         2
        30.091718001         1
        30.094455852         0
        30.094455852         0
        30.105407255         2
        30.143737166         0
        30.151950719         0
        30.203969884         0
        30.231348391         2
        30.266940452         0
        30.308008214         0
        30.324435318         0
         30.36550308         0
         30.36550308         0
        30.384668036         2
         30.39835729         0
        30.409308693         0
        30.414784394         0
        30.425735797         0
        30.439425051         0
        30.442162902         0
        30.447638604         0
        30.475017112         0
        30.502395619         0
         30.50513347         0
        30.516084873         0
        30.529774127         0
        30.535249829         1
         30.53798768         0
        30.546201232         3
        30.565366188         2
        30.606433949         0
          30.6091718         1
        30.622861054         0
        30.633812457         1
        30.655715263         1
        30.661190965         0
        30.663928816         1
        30.688569473         0
        30.691307324         2
        30.729637235         2
        30.776180698         0
        30.778918549         1
        30.787132101         2
        30.792607803         2
        30.803559206         0
        30.819986311         2
        30.828199863         0
        30.841889117         2
        30.863791923         1
        30.863791923         2
        30.866529774         0
        30.874743326         0
        30.880219028         0
        30.929500342         0
        30.943189596         2
        30.945927447         2
        31.028062971         1
        31.066392882         0
        31.066392882         0
        31.066392882         1
        31.074606434         2
        31.080082135         2
        31.101984942         1
        31.104722793         0
        31.123887748         1
         31.12936345         0
        31.156741958         0
        31.184120465         0
        31.186858316         2
        31.195071869         0
        31.197809719         0
        31.225188227         0
        31.241615332         0
        31.260780288         0
        31.274469541         1
        31.301848049         1
          31.3045859         0
          31.3045859         0
          31.3045859         2
        31.326488706         0
        31.329226557         0
        31.356605065         2
        31.381245722         2
        31.389459274         0
        31.400410678         1
        31.403148528         0
        31.414099932         1
        31.471594798         2
        31.493497604         0
        31.526351814         0
        31.534565366         0
        31.537303217         1
        31.540041068         0
        31.542778919         1
        31.545516769         1
        31.572895277         0
        31.575633128         0
         31.58384668         2
         31.65229295         0
         31.65229295         0
        31.663244353         2
        31.668720055         0
        31.668720055         0
         31.68788501         0
        31.712525667         0
        31.734428474         1
        31.759069131         0
        31.786447639         0
        31.794661191         0
        31.797399042         0
        31.808350445         1
         31.82477755         0
        31.849418207         0
        31.912388775         2
         31.93155373         0
        31.950718686         0
        31.950718686         1
        31.953456537         0
        31.972621492         0
        31.978097194         2
        31.986310746         3
        31.997262149         0
        32.021902806         0
        32.024640657         0
        32.030116359         3
        32.030116359         3
        32.046543463         1
        32.049281314         0
        32.060232717         0
        32.062970568         2
        32.079397673         0
        32.079397673         1
        32.095824777         0
        32.128678987         1
        32.136892539         0
         32.13963039         0
        32.142368241         1
        32.150581793         0
        32.153319644         2
        32.188911704         0
        32.191649555         0
        32.197125257         0
        32.205338809         0
         32.20807666         0
        32.213552361         1
         32.24366872         0
        32.246406571         0
        32.251882272         1
        32.276522929         0
        32.284736482         0
        32.292950034         3
        32.298425736         0
        32.298425736         0
         32.31211499         0
        32.325804244         0
        32.331279945         0
        32.344969199         1
        32.350444901         1
        32.353182752         0
        32.355920602         1
        32.380561259         0
        32.388774812         0
        32.396988364         0
        32.440793977         0
        32.449007529         0
        32.454483231         0
        32.454483231         2
        32.457221082         3
        32.503764545         2
        32.506502396         1
        32.563997262         0
        32.563997262         0
        32.580424367         0
        32.588637919         2
        32.605065024         0
         32.66255989         0
        32.670773443         1
          32.6954141         0
        32.703627652         0
        32.744695414         1
        32.744695414         2
        32.761122519         0
         32.83504449         0
        32.848733744         0
        32.884325804         0
        32.922655715         0
        32.933607118         0
        32.950034223         0
        32.950034223         1
        32.982888433         0
        32.996577686         1
        33.004791239         1
        33.021218344         2
        33.034907598         0
        33.048596852         2
        33.056810404         2
        33.062286105         0
        33.067761807         2
        33.070499658         1
        33.073237509         3
        33.086926762         0
        33.106091718         0
        33.119780972         0
         33.14715948         0
        33.152635181         0
        33.160848734         0
        33.210130048         0
        33.226557153         2
        33.248459959         0
         33.28678987         0
        33.297741273         1
        33.305954826         0
        33.314168378         3
        33.316906229         0
        33.352498289         2
        33.360711841         1
        33.366187543         0
        33.377138946         0
        33.377138946         2
        33.385352498         0
          33.3908282         0
          33.3908282         2
        33.393566051         0
        33.404517454         0
        33.412731006         2
        33.429158111         1
        33.440109514         0
        33.451060917         2
        33.467488022         0
        33.492128679         0
        33.503080082         1
        33.514031485         3
        33.519507187         0
         33.53045859         0
         33.53045859         0
        33.563312799         0
         33.56605065         0
         33.56605065         1
        33.574264203         0
        33.582477755         0
        33.585215606         2
        33.620807666         0
        33.661875428         0
        33.683778234         0
        33.719370294         0
        33.727583847         0
        33.733059548         0
        33.752224504         0
        33.757700205         1
        33.760438056         2
        33.765913758         1
        33.776865161         1
        33.782340862         1
        33.785078713         0
        33.790554415         2
        33.798767967         0
        33.806981519         1
        33.815195072         0
        33.848049281         0
        33.850787132         0
        33.859000685         0
        33.894592745         0
        33.900068446         1
        33.905544148         0
        33.911019849         0
        33.938398357         2
        34.004106776         0
        34.004106776         0
         34.01779603         0
         34.01779603         1
        34.064339494         0
        34.064339494         0
        34.097193703         0
        34.099931554         2
        34.135523614         1
        34.143737166         0
        34.198494182         2
        34.228610541         0
        34.228610541         0
        34.234086242         2
        34.280629706         0
        34.316221766         0
        34.316221766         0
        34.373716632         0
        34.395619439         2
        34.403832991         0
        34.417522245         0
        34.477754962         2
        34.480492813         1
        34.491444216         0
        34.507871321         0
        34.510609172         0
        34.513347023         2
        34.548939083         0
        34.554414784         2
        34.559890486         2
        34.592744695         1
        34.603696099         1
        34.631074606         2
         34.64202601         0
        34.674880219         0
         34.67761807         1
        34.680355921         0
        34.691307324         0
        34.694045174         0
        34.696783025         2
        34.702258727         0
        34.710472279         1
        34.718685832         1
        34.803559206         0
        34.828199863         2
        34.844626968         0
        34.863791923         0
        34.910335387         0
        34.934976044         0
        34.965092402         0
        34.973305955         0
        34.995208761         0
