         15.18752088                   0       0.02676683095                   0
         15.20734839                   0       0.02682369921                   0
         15.22717591                   0        0.0268793974                   0
         15.24700342                   0       0.02693393601                   0
         15.26683094                   0       0.02698732551                   0
         15.28665845                   0        0.0270395763                   0
         15.30648597                   0       0.02709069878                   0
         15.32631348                   0        0.0271407033                   0
           15.346141                   0       0.02718960018                   0
         15.36596851                   0       0.02723739967                   0
         15.38579603                   0       0.02728411198                   0
         15.40562355                   0       0.02732974727                   0
         15.42545106                   0       0.02737431565                   0
         15.44527858                   0       0.02741782717                   0
         15.46510609                   0       0.02746029181                   0
         15.48493361                   0       0.02750171948                   0
         15.50476112                   0       0.02754212005                   0
         15.52458864                   0       0.02758150331                   0
         15.54441615                   0       0.02761987897                   0
         15.56424367                   0       0.02765725669                   0
         15.58407118                   0       0.02769364604                   0
          15.6038987                   0       0.02772905653                   0
         15.62372621                   0       0.02776349759                   0
         15.64355373                   0       0.02779697857                   0
         15.66338125                   0       0.02782950874                   0
         15.68320876                   0       0.02786109733                   0
         15.70303628                   0       0.02789175343                   0
         15.72286379                   0       0.02792148611                   0
         15.74269131                   0       0.02795030433     4.572018099e-05
         15.76251882                   0       0.02797821697     9.408034691e-05
         15.78234634                   0       0.02800523283     0.0001421041997
         15.80217385                   0       0.02803136065      0.000189791081
         15.82200137                   0       0.02805660906     0.0002371403845
         15.84182888                   0       0.02808098662     0.0002841515558
          15.8616564                   0       0.02810450182     0.0003308240908
         15.88148392                   0       0.02812716304      0.000377157535
         15.90131143                   0       0.02814897861     0.0004231514827
         15.92113895                   0       0.02816995675     0.0004688055756
         15.94096646                   0       0.02819010562     0.0005141195025
         15.96079398                   0       0.02820943327     0.0005590929978
         15.98062149                   0       0.02822794771     0.0006037258412
         16.00044901                   0       0.02824565683     0.0006480178562
         16.02027652                   0       0.02826256845     0.0006919689098
         16.04010404                   0       0.02827869032     0.0007355789113
         16.05993155                   0       0.02829403009     0.0007788478115
         16.07975907                   0       0.02830859535     0.0008217756021
         16.09958658                   0        0.0283223936     0.0008643623145
          16.1194141                   0       0.02833543224     0.0009066080193
         16.13924162                   0       0.02834771863     0.0009485128256
         16.15906913                   0       0.02835926002     0.0009900768796
         16.17889665                   0       0.02837006359      0.001031300365
         16.19872416                   0       0.02838013645        0.0010721835
         16.21855168                   0       0.02838948563       0.00111272654
         16.23837919                   0       0.02839811807      0.001152929774
         16.25820671                   0       0.02840604065      0.001192793524
         16.27803422                   0       0.02841326017      0.001232318146
         16.29786174                   0       0.02841978334      0.001271504029
         16.31768925                   0       0.02842561682      0.001310351593
         16.33751677                   0       0.02843076718      0.001348861287
         16.35734428                   0       0.02843524092      0.001387033594
          16.3771718                   0       0.02843904447      0.001424869024
         16.39699932                   0       0.02844218418      0.001462368116
         16.41682683                   0       0.02844466635       0.00149953144
         16.43665435                   0       0.02844649718      0.001536359591
         16.45648186                   0       0.02844768283      0.001572853192
         16.47630938                   0       0.02844822936      0.001609012892
         16.49613689                   0       0.02844814279      0.001644839367
         16.51596441                   0       0.02844742906      0.001680333317
         16.53579192                   0       0.02844609404      0.001715495467
         16.55561944                   0       0.02844414354      0.001750326567
         16.57544695                   0        0.0284415833      0.001784827391
         16.59527447                   0       0.02843841901      0.001818998732
         16.61510198                   0       0.02843465627      0.001852841411
          16.6349295                   0       0.02843030064      0.001886356267
         16.65475702                   0       0.02842535761      0.001919544162
         16.67458453                   0       0.02841983261      0.001952405978
         16.69441205                   0         0.028413731      0.001984942618
         16.71423956                   0       0.02840705809      0.002017155004
         16.73406708                   0       0.02839981914      0.002049044079
         16.75389459                   0       0.02839201934      0.002080610802
         16.77372211                   0       0.02838366381      0.002111856154
         16.79354962                   0       0.02837475763       0.00214278113
         16.81337714                   0       0.02836530583      0.002173386745
         16.83320465                   0       0.02835531337      0.002203674031
         16.85303217                   0       0.02834478516      0.002233644034
         16.87285969                   0       0.02833372605      0.002263297818
          16.8926872                   0       0.02832214085      0.002292636463
         16.91251472                   0       0.02831003431      0.002321661063
         16.93234223                   0       0.02829741113      0.002350372727
         16.95216975                   0       0.02828427596      0.002378772579
         16.97199726                   0       0.02827063339      0.002406861755
         16.99182478                   0       0.02825648798      0.002434641407
         17.01165229                   0       0.02824184421      0.002462112698
         17.03147981                   0       0.02822670655      0.002489276806
         17.05130732                   0        0.0282110794      0.002516134918
         17.07113484                   0       0.02819496711      0.002542688237
         17.09096235                   0         0.028178374      0.002568937974
         17.11078987                   0       0.02816130432      0.002594885353
         17.13061739                   0       0.02814376231      0.002620531609
          17.1504449     9.478588541e-06       0.02812575213      0.002645877987
         17.17027242     4.098167027e-05       0.02810727791      0.002670925741
         17.19009993     7.263977261e-05       0.02808834375      0.002695676138
         17.20992745     0.0001044506683        0.0280689537      0.002720130452
         17.22975496     0.0001364121561       0.02804911175      0.002744289966
         17.24958248     0.0001685220589       0.02802882188      0.002768155973
         17.26940999     0.0002007782215         0.028008088      0.002791729774
         17.28923751     0.0002331785093         0.027986914      0.002815012678
         17.30906502     0.0002657208066       0.02796530373      0.002838006002
         17.32889254     0.0002984030147       0.02794326099      0.002860711072
         17.34872005     0.0003312230505       0.02792078955      0.002883129219
         17.36854757     0.0003641788453       0.02789789313      0.002905261782
         17.38837509     0.0003972683435       0.02787457544      0.002927110107
          17.4082026     0.0004304895008       0.02785084012      0.002948675547
         17.42803012      0.000463840284        0.0278266908       0.00296995946
         17.44785763     0.0004973186687       0.02780213107       0.00299096321
         17.46768515     0.0005309226394       0.02777716447      0.003011688167
         17.48751266     0.0005646501878       0.02775179452      0.003032135707
         17.50734018     0.0005984993087       0.02772602471      0.003052307211
         17.52716769     0.0006324673917       0.02769985848      0.003072204063
         17.54699521     0.0006665506134       0.02767329925      0.003091827653
         17.56682272     0.0007007451954        0.0276463504      0.003111179377
         17.58665024     0.0007350475761       0.02761901528      0.003130260633
         17.60647775     0.0007694544004       0.02759129722      0.003149072823
         17.62630527     0.0008039625097       0.02756319951      0.003167617354
         17.64613279     0.0008385689325        0.0275347254      0.003185895634
          17.6659603     0.0008732708754       0.02750587813      0.003203909078
         17.68578782      0.000908065714       0.02747666089      0.003221659101
         17.70561533     0.0009429509847       0.02744707686      0.003239147122
         17.72544285     0.0009779243739       0.02741712917      0.003256374562
         17.74527036       0.00101298354       0.02738682095      0.003273342845
         17.76509788      0.001048126015       0.02735615528      0.003290053397
         17.78492539      0.001083349489       0.02732513522      0.003306507646
         17.80475291       0.00111865183       0.02729376379      0.003322707022
         17.82458042      0.001154031075       0.02726204402      0.003338652957
         17.84440794      0.001189485421       0.02722997887      0.003354346883
         17.86423546      0.001225013213       0.02719757129      0.003369790234
         17.88406297      0.001260612943       0.02716482423      0.003384984447
         17.90389049      0.001296283235       0.02713174057      0.003399930957
           17.923718      0.001332022842        0.0270983232      0.003414631201
         17.94354552      0.001367830636       0.02706457498      0.003429086617
         17.96337303      0.001403705603       0.02703049872      0.003443298642
         17.98320055      0.001439646835       0.02699609725      0.003457268715
         18.00302806      0.001475653522       0.02696137334      0.003470998274
         18.02285558       0.00151172495       0.02692632975      0.003484488758
         18.04268309      0.001547860491       0.02689096922      0.003497741604
         18.06251061      0.001584059598       0.02685529446       0.00351075825
         18.08233812      0.001620321802       0.02681930818      0.003523540134
         18.10216564      0.001656646703       0.02678301303      0.003536088691
         18.12199316      0.001693033968       0.02674641167      0.003548405357
         18.14182067      0.001729483325       0.02670950674      0.003560491568
         18.16164819      0.001765994555       0.02667230083      0.003572348758
          18.1814757      0.001802567496       0.02663479653      0.003583978357
         18.20130322      0.001839202028       0.02659699642      0.003595381799
         18.22113073      0.001875898078       0.02655890304      0.003606560512
         18.24095825      0.001912655611       0.02652051891      0.003617515925
         18.26078576      0.001949474625       0.02648184656      0.003628249465
         18.28061328      0.001986355155       0.02644288845      0.003638762556
         18.30044079      0.002023297259       0.02640364708       0.00364905662
         18.32026831      0.002060301025       0.02636412488       0.00365913308
         18.34009582      0.002097366558       0.02632432429      0.003668993353
         18.35992334      0.002134493985       0.02628424773      0.003678638857
         18.37975086      0.002171683449       0.02624389759      0.003688071004
         18.39957837      0.002208935104       0.02620327625      0.003697291206
         18.41940589      0.002246249119       0.02616238608      0.003706300873
          18.4392334      0.002283625666       0.02612122941      0.003715101412
         18.45906092      0.002321064926       0.02607980858      0.003723694224
         18.47888843      0.002358567082        0.0260381259      0.003732080713
         18.49871595      0.002396132321       0.02599618365      0.003740262274
         18.51854346      0.002433760827       0.02595398413      0.003748240303
         18.53837098      0.002471452781       0.02591152957      0.003756016192
         18.55819849      0.002509208362       0.02586882225      0.003763591329
         18.57802601      0.002547027741       0.02582586437        0.0037709671
         18.59785352      0.002584911082       0.02578265816      0.003778144885
         18.61768104       0.00262285854       0.02573920581      0.003785126064
         18.63750856      0.002660870258        0.0256955095      0.003791912012
         18.65733607      0.002698946369       0.02565157141      0.003798504099
         18.67716359      0.002737086991       0.02560739368      0.003804903693
          18.6969911      0.002775292227       0.02556297845      0.003811112158
         18.71681862      0.002813562167       0.02551832784      0.003817130853
         18.73664613      0.002851896881       0.02547344396      0.003822961136
         18.75647365      0.002890296423       0.02542832891      0.003828604358
         18.77630116      0.002928760828       0.02538298476      0.003834061867
         18.79612868      0.002967290111       0.02533741358      0.003839335007
         18.81595619      0.003005884267       0.02529161742      0.003844425118
         18.83578371       0.00304454327       0.02524559831      0.003849333536
         18.85561123      0.003083267072       0.02519935828      0.003854061592
         18.87543874      0.003122055601       0.02515289935      0.003858610614
         18.89526626      0.003160908765       0.02510622349      0.003862981926
         18.91509377      0.003199826446       0.02505933271      0.003867176846
         18.93492129      0.003238808503       0.02501222896       0.00387119669
          18.9547488       0.00327785477       0.02496491421      0.003875042768
         18.97457632      0.003316965056        0.0249173904      0.003878716386
         18.99440383      0.003356139145       0.02486965946      0.003882218847
         19.01423135      0.003395376796        0.0248217233      0.003885551447
         19.03405886      0.003434677742       0.02477358384       0.00388871548
         19.05388638      0.003474041689       0.02472524296      0.003891712234
         19.07371389      0.003513468317       0.02467670255      0.003894542992
         19.09354141       0.00355295728       0.02462796447      0.003897209034
         19.11336893      0.003592508206       0.02457903057      0.003899711635
         19.13319644      0.003632120696       0.02452990271      0.003902052063
         19.15302396      0.003671794323       0.02448058272      0.003904231585
         19.17285147      0.003711528635       0.02443107241       0.00390625146
         19.19267899      0.003751323154       0.02438137358      0.003908112945
          19.2125065      0.003791177372       0.02433148805      0.003909817288
         19.23233402      0.003831090758       0.02428141758      0.003911365738
         19.25216153      0.003871062755       0.02423116396      0.003912759533
         19.27198905      0.003911092776       0.02418072894      0.003913999911
         19.29181656      0.003951180212       0.02413011427      0.003915088102
         19.31164408      0.003991324425        0.0240793217      0.003916025332
         19.33147159      0.004031524754       0.02402835296      0.003916812823
         19.35129911      0.004071780509       0.02397720977       0.00391745179
         19.37112663      0.004112090978       0.02392589386      0.003917943445
         19.39095414       0.00415245542       0.02387440694      0.003918288992
         19.41078166      0.004192873074        0.0238227507      0.003918489633
         19.43060917      0.004233343149       0.02377092685      0.003918546564
         19.45043669      0.004273864834       0.02371893707      0.003918460975
          19.4702642      0.004314437291       0.02366678304       0.00391823405
         19.49009172      0.004355059659       0.02361446643       0.00391786697
         19.50991923      0.004395731054       0.02356198891      0.003917360911
         19.52974675      0.004436450569       0.02350935213      0.003916717041
         19.54957426      0.004477217273       0.02345655775      0.003915936524
         19.56940178      0.004518030213       0.02340360741       0.00391502052
         19.58922929      0.004558888413       0.02335050274      0.003913970183
         19.60905681      0.004599790877       0.02329724538      0.003912786661
         19.62888433      0.004640736586       0.02324383694      0.003911471097
         19.64871184        0.0046817245       0.02319027903      0.003910024628
         19.66853936      0.004722753558       0.02313657328      0.003908448388
         19.68836687       0.00476382268       0.02308272127      0.003906743503
         19.70819439      0.004804930764       0.02302872461      0.003904911094
          19.7280219       0.00484607669       0.02297458488      0.003902952279
         19.74784942      0.004887259318       0.02292030367      0.003900868168
         19.76767693      0.004928477489       0.02286588256      0.003898659866
         19.78750445      0.004969730026       0.02281132312      0.003896328473
         19.80733196      0.005011015733       0.02275662691      0.003893875084
         19.82715948      0.005052333399       0.02270179551      0.003891300787
           19.846987      0.005093681792       0.02264683046      0.003888606668
         19.86681451      0.005135059666       0.02259173333      0.003885793802
         19.88664203      0.005176465759       0.02253650565      0.003882863264
         19.90646954       0.00521789879       0.02248114896       0.00387981612
         19.92629706      0.005259357465       0.02242566481      0.003876653433
         19.94612457      0.005300840474       0.02237005472      0.003873376257
         19.96595209      0.005342346492       0.02231432022      0.003869985644
          19.9857796      0.005383874182       0.02225846282      0.003866482639
         20.00560712      0.005425422189       0.02220248405      0.003862868281
         20.02543463      0.005466989148       0.02214638542      0.003859143605
         20.04526215       0.00550857368       0.02209016842      0.003855309639
         20.06508966      0.005550174392       0.02203383456      0.003851367406
         20.08491718      0.005591789881       0.02197738533      0.003847317923
          20.1047447      0.005633418731       0.02192082223      0.003843162203
         20.12457221      0.005675059515       0.02186414673      0.003838901251
         20.14439973      0.005716710794       0.02180736033      0.003834536069
         20.16422724      0.005758371119       0.02175046448      0.003830067651
         20.18405476      0.005800039033       0.02169346067      0.003825496987
         20.20388227      0.005841713066       0.02163635036      0.003820825062
         20.22370979       0.00588339174         0.021579135      0.003816052853
          20.2435373      0.005925073569       0.02152181606      0.003811181334
         20.26336482      0.005966757057       0.02146439498      0.003806211472
         20.28319233      0.006008440701       0.02140687321      0.003801144229
         20.30301985      0.006050122989       0.02134925219      0.003795980561
         20.32284736      0.006091802402       0.02129153336      0.003790721419
         20.34267488      0.006133477415       0.02123371815      0.003785367747
          20.3625024      0.006175146496       0.02117580798      0.003779920486
         20.38232991      0.006216808106       0.02111780428      0.003774380569
         20.40215743      0.006258460701       0.02105970846      0.003768748924
         20.42198494      0.006300102731       0.02100152193      0.003763026475
         20.44181246      0.006341732642        0.0209432461      0.003757214138
         20.46163997      0.006383348873       0.02088488238      0.003751312825
         20.48146749       0.00642494986       0.02082643216      0.003745323443
           20.501295      0.006466534037       0.02076789683      0.003739246891
         20.52112252       0.00650809983       0.02070927778      0.003733084065
         20.54095003      0.006549645664        0.0206505764      0.003726835854
         20.56077755      0.006591169963       0.02059179406      0.003720503142
         20.58060507      0.006632671144       0.02053293213      0.003714086807
         20.60043258      0.006674147626       0.02047399199      0.003707587721
          20.6202601      0.006715597822       0.02041497499      0.003701006753
         20.64008761      0.006757020151       0.02035588251      0.003694344763
         20.65991513      0.006798413577       0.02029671588      0.003687602608
         20.67974264      0.006839778164       0.02023747647      0.003680781138
         20.69957016      0.006881114135       0.02017816561      0.003673881198
         20.71939767      0.006922421745       0.02011878464      0.003666903628
         20.73922519      0.006963701278       0.02005933491      0.003659849262
          20.7590527      0.007004953045       0.01999981773      0.003652718928
         20.77888022      0.007046177383       0.01994023444      0.003645513448
         20.79870773       0.00708737465       0.01988058635      0.003638233641
         20.81853525      0.007128545225       0.01982087478      0.003630880318
         20.83836277      0.007169689508       0.01976110105      0.003623454286
         20.85819028      0.007210807913       0.01970126645      0.003615956345
          20.8780178      0.007251900871       0.01964137228      0.003608387291
         20.89784531      0.007292968826       0.01958141986      0.003600747915
         20.91767283      0.007334012232       0.01952141045      0.003593038999
         20.93750034      0.007375031556       0.01946134535      0.003585261324
         20.95732786      0.007416027272       0.01940122585      0.003577415662
         20.97715537      0.007456999861       0.01934105321      0.003569502783
         20.99698289      0.007497949811       0.01928082871      0.003561523448
          21.0168104      0.007538877612       0.01922055362      0.003553478415
         21.03663792      0.007579783758       0.01916022919      0.003545368435
         21.05646543      0.007620668747       0.01909985669      0.003537194256
         21.07629295      0.007661533075       0.01903943736      0.003528956617
         21.09612047      0.007702377236       0.01897897245      0.003520656254
         21.11594798      0.007743201727       0.01891846321      0.003512293897
          21.1357755      0.007784007039       0.01885791086      0.003503870272
         21.15560301      0.007824793658       0.01879731665      0.003495386097
         21.17543053      0.007865562069       0.01873668179      0.003486842087
         21.19525804      0.007906312749       0.01867600751      0.003478238949
         21.21508556      0.007947046168       0.01861529502      0.003469577388
         21.23491307      0.007987762791       0.01855454555      0.003460858101
         21.25474059      0.008028463072       0.01849376028       0.00345208178
          21.2745681      0.008069147458       0.01843294043      0.003443249114
         21.29439562      0.008109816386        0.0183720872      0.003434360783
         21.31422313      0.008150470283       0.01831120176      0.003425417465
         21.33405065      0.008191109563       0.01825028532      0.003416419831
         21.35387817      0.008231734631       0.01818933905      0.003407368546
         21.37370568      0.008272345878       0.01812836412      0.003398264273
          21.3935332      0.008312943684       0.01806736172      0.003389107666
         21.41336071      0.008353528414       0.01800633299      0.003379899375
         21.43318823       0.00839410042       0.01794527912      0.003370640046
         21.45301574       0.00843466004       0.01788420125      0.003361330318
         21.47284326      0.008475207597       0.01782310053      0.003351970827
         21.49267077        0.0085157434       0.01776197811      0.003342562201
         21.51249829       0.00855626774       0.01770083514      0.003333105065
          21.5323258      0.008596780895       0.01763967274      0.003323600037
         21.55215332      0.008637283126       0.01757849205      0.003314047733
         21.57198084      0.008677774676       0.01751729419       0.00330444876
         21.59180835      0.008718255773       0.01745608029      0.003294803723
         21.61163587      0.008758726629       0.01739485147       0.00328511322
         21.63146338      0.008799187435       0.01733360882      0.003275377844
          21.6512909      0.008839638369       0.01727235347      0.003265598185
         21.67111841      0.008880079588       0.01721108651      0.003255774824
         21.69094593      0.008920511234       0.01714980903      0.003245908341
         21.71077344      0.008960933427       0.01708852214       0.00323599931
         21.73060096      0.009001346273       0.01702722691      0.003226048297
         21.75042847      0.009041749857       0.01696592442      0.003216055867
         21.77025599      0.009082144247       0.01690461576      0.003206022578
          21.7900835      0.009122529492         0.016843302      0.003195948983
         21.80991102      0.009162905622        0.0167819842      0.003185835632
         21.82973854      0.009203272649       0.01672066342      0.003175683066
         21.84956605      0.009243630567       0.01665934072      0.003165491826
         21.86939357      0.009283979349       0.01659801716      0.003155262444
         21.88922108       0.00932431895       0.01653669379       0.00314499545
          21.9090486      0.009364649308       0.01647537163      0.003134691369
         21.92887611      0.009404970341       0.01641405175      0.003124350718
         21.94870363      0.009445281947       0.01635273516      0.003113974014
         21.96853114      0.009485584006       0.01629142289      0.003103561765
         21.98835866       0.00952587638       0.01623011598      0.003093114476
         22.00818617      0.009566158911       0.01616881544      0.003082632649
         22.02801369      0.009606431425       0.01610752229      0.003072116778
          22.0478412      0.009646693725       0.01604623754      0.003061567356
         22.06766872      0.009686945599       0.01598496219      0.003050984867
         22.08749624      0.009727186815       0.01592369725      0.003040369794
         22.10732375      0.009767417122       0.01586244372      0.003029722669
         22.12715127      0.009807636253       0.01580120258      0.003019044202
         22.14697878       0.00984784392       0.01573997483      0.003008335133
          22.1668063      0.009888039819       0.01567876146      0.002997596201
         22.18663381      0.009928223627       0.01561756344      0.002986828136
         22.20646133      0.009968395002       0.01555638175      0.002976031663
         22.22628884       0.01000855359       0.01549521737      0.002965207502
         22.24611636         0.010048699       0.01543407127      0.002954356365
         22.26594387       0.01008883086       0.01537294443       0.00294347896
         22.28577139       0.01012894874       0.01531183781      0.002932575988
          22.3055989       0.01016905222       0.01525075239      0.002921648145
         22.32542642       0.01020914086       0.01518968914       0.00291069612
         22.34525394       0.01024921419         0.015128649      0.002899720594
         22.36508145       0.01028927174       0.01506763296      0.002888722245
         22.38490897       0.01032931301       0.01500664197      0.002877701743
         22.40473648        0.0103693375         0.014945677      0.002866659752
           22.424564       0.01040934469       0.01488473899      0.002855596928
         22.44439151       0.01044933403       0.01482382891      0.002844513923
         22.46421903       0.01048930498       0.01476294772      0.002833411382
         22.48404654       0.01052925696       0.01470209636      0.002822289942
         22.50387406        0.0105691894        0.0146412758      0.002811150236
         22.52370157       0.01060910169       0.01458048698      0.002799992888
         22.54352909       0.01064899324       0.01451973085      0.002788818517
         22.56335661        0.0106888634       0.01445900837      0.002777627735
         22.58318412       0.01072871155       0.01439832049      0.002766421149
         22.60301164       0.01076853703       0.01433766814      0.002755199358
         22.62283915       0.01080833917       0.01427705229      0.002743962954
         22.64266667        0.0108481173       0.01421647387      0.002732712525
         22.66249418       0.01088787072       0.01415593383      0.002721448649
          22.6823217       0.01092759872       0.01409543312      0.002710171901
         22.70214921        0.0109673006       0.01403497268      0.002698882848
         22.72197673        0.0110069756       0.01397455346      0.002687582052
         22.74180424         0.011046623        0.0139141764      0.002676270066
         22.76163176       0.01108624204       0.01385384245      0.002664947439
         22.78145927       0.01112583194       0.01379355254      0.002653614715
         22.80128679       0.01116539193       0.01373330763      0.002642272427
         22.82111431       0.01120492121       0.01367310865      0.002630921107
         22.84094182       0.01124441899       0.01361295655      0.002619561279
         22.86076934       0.01128388444       0.01355285228       0.00260819346
         22.88059685       0.01132331674       0.01349279678      0.002596818162
         22.90042437       0.01136271505       0.01343279099      0.002585435891
         22.92025188       0.01140207852       0.01337283586      0.002574047147
          22.9400794       0.01144140629       0.01331293233      0.002562652425
         22.95990691       0.01148069749       0.01325308136      0.002551252214
         22.97973443       0.01151995125       0.01319328388      0.002539846996
         22.99956194       0.01155916667       0.01313354086       0.00252843725
         23.01938946       0.01159834284       0.01307385323      0.002517023446
         23.03921697       0.01163747886       0.01301422195      0.002505606052
         23.05904449       0.01167657381       0.01295464797       0.00249418553
         23.07887201       0.01171562675       0.01289513225      0.002482762335
         23.09869952       0.01175463675       0.01283567574      0.002471336918
         23.11852704       0.01179360285       0.01277627939      0.002459909726
         23.13835455       0.01183252409       0.01271694417        0.0024484812
         23.15818207       0.01187139951       0.01265767103      0.002437051775
         23.17800958       0.01191022813       0.01259846093      0.002425621883
          23.1978371       0.01194900896       0.01253931485      0.002414191952
         23.21766461         0.011987741       0.01248023374      0.002402762403
         23.23749213       0.01202642326       0.01242121858      0.002391333655
         23.25731964       0.01206505471       0.01236227033       0.00237990612
         23.27714716       0.01210363435       0.01230338997      0.002368480209
         23.29697467       0.01214216113       0.01224457847      0.002357056327
         23.31680219       0.01218063402       0.01218583681      0.002345634874
         23.33662971       0.01221905198       0.01212716598       0.00233421625
         23.35645722       0.01225741395       0.01206856696      0.002322800847
         23.37628474       0.01229571887       0.01201004073      0.002311389055
         23.39611225       0.01233396567       0.01195158828      0.002299981261
         23.41593977       0.01237215327       0.01189321062      0.002288577849
         23.43576728        0.0124102806       0.01183490873      0.002277179198
          23.4555948       0.01244834655       0.01177668362      0.002265785686
         23.47542231       0.01248635003       0.01171853629      0.002254397686
         23.49524983       0.01252428993       0.01166046775       0.00224301557
         23.51507734       0.01256216514         0.011602479      0.002231639707
         23.53490486       0.01259997454       0.01154457108      0.002220270461
         23.55473238         0.012637717       0.01148674498      0.002208908197
         23.57455989       0.01267539138       0.01142900175      0.002197553275
         23.59438741       0.01271299654        0.0113713424      0.002186206056
         23.61421492       0.01275053135       0.01131376798      0.002174866894
         23.63404244       0.01278799463        0.0112562795      0.002163536147
         23.65386995       0.01282538523       0.01119887803      0.002152214167
         23.67369747       0.01286270198       0.01114156459      0.002140901306
         23.69352498       0.01289994371       0.01108434025      0.002129597915
          23.7133525       0.01293710923       0.01102720606      0.002118304342
         23.73318001       0.01297419736       0.01097016307      0.002107020936
         23.75300753       0.01301120691       0.01091321236      0.002095748043
         23.77283504       0.01304813667       0.01085635498      0.002084486009
         23.79266256       0.01308498544       0.01079959203       0.00207323518
         23.81249008         0.013121752       0.01074292457      0.002061995901
         23.83231759       0.01315843515       0.01068635369      0.002050768516
         23.85214511       0.01319503366       0.01062988049      0.002039553369
         23.87197262       0.01323154629       0.01057350605      0.002028350805
         23.89180014       0.01326797181       0.01051723148      0.002017161167
         23.91162765       0.01330430898       0.01046105789        0.0020059848
         23.93145517       0.01334055656       0.01040498638      0.001994822049
         23.95128268       0.01337671329       0.01034901808      0.001983673258
          23.9711102       0.01341277791        0.0102931541      0.001972538773
         23.99093771       0.01344874916       0.01023739558      0.001961418941
         24.01076523       0.01348462578       0.01018174364      0.001950314109
         24.03059274       0.01352040648       0.01012619944      0.001939224625
         24.05042026       0.01355608999        0.0100707641      0.001928150839
         24.07024778       0.01359167503       0.01001543879      0.001917093102
         24.09007529        0.0136271603      0.009960224659      0.001906051766
         24.10990281       0.01366254451      0.009905122865      0.001895027185
         24.12973032       0.01369782636      0.009850134577      0.001884019714
         24.14955784       0.01373300455      0.009795260967      0.001873029711
         24.16938535       0.01376807776      0.009740503212      0.001862057536
         24.18921287       0.01380304468      0.009685862495      0.001851103549
         24.20904038         0.013837904      0.009631340035      0.001840168114
          24.2288679       0.01387265439      0.009576937926      0.001829251599
         24.24869541       0.01390729453      0.009522659224      0.001818354369
         24.26852293       0.01394182307       0.00946850702      0.001807476798
         24.28835044       0.01397623869      0.009414484387      0.001796619259
         24.30817796       0.01401054004      0.009360594381      0.001785782127
         24.32800548       0.01404472578      0.009306840045      0.001774965783
         24.34783299       0.01407879456      0.009253224401      0.001764170608
         24.36766051       0.01411274503      0.009199750456      0.001753396989
         24.38748802       0.01414657584      0.009146421202      0.001742645313
         24.40731554       0.01418028561       0.00909323961      0.001731915974
         24.42714305       0.01421387299      0.009040208637      0.001721209365
         24.44697057       0.01424733662      0.008987331222      0.001710525885
         24.46679808       0.01428067512      0.008934610285      0.001699865938
          24.4866256       0.01431388712       0.00888204873      0.001689229928
         24.50645311       0.01434697125      0.008829649444      0.001678618265
         24.52628063       0.01437992612      0.008777415294      0.001668031362
         24.54610815       0.01441275037       0.00872534913      0.001657469636
         24.56593566       0.01444544259      0.008673453785      0.001646933508
         24.58576318       0.01447800142      0.008621732071      0.001636423402
         24.60559069       0.01451042546      0.008570186785      0.001625939747
         24.62541821       0.01454271332      0.008518820701      0.001615482975
         24.64524572       0.01457486362      0.008467636578      0.001605053523
         24.66507324       0.01460687496      0.008416637154      0.001594651831
         24.68490075       0.01463874595      0.008365825148      0.001584278344
         24.70472827       0.01467047521      0.008315203259       0.00157393351
         24.72455578       0.01470206156      0.008264774167      0.001563617782
          24.7443833       0.01473350395      0.008214540533      0.001553331616
         24.76421081       0.01476480133      0.008164504998      0.001543075473
         24.78403833       0.01479595267      0.008114670183      0.001532849817
         24.80386585        0.0148269569       0.00806503869      0.001522655118
         24.82369336       0.01485781298      0.008015613102      0.001512491846
         24.84352088       0.01488851986      0.007966395979       0.00150236048
         24.86334839       0.01491907647      0.007917389862      0.001492261499
         24.88317591       0.01494948175      0.007868597269      0.001482195388
         24.90300342       0.01497973464      0.007820020698      0.001472162634
         24.92283094       0.01500983409      0.007771662625       0.00146216373
         24.94265845       0.01503977903      0.007723525502       0.00145219917
         24.96248597        0.0150695684      0.007675611759      0.001442269453
         24.98231348       0.01509920114      0.007627923804      0.001432375082
           25.002141       0.01512867618       0.00758046402      0.001422516563
         25.02196851       0.01515799246      0.007533234765      0.001412694404
         25.04179603       0.01518714894      0.007486238374      0.001402909118
         25.06162355       0.01521614455      0.007439477156       0.00139316122
         25.08145106       0.01524497823      0.007392953394      0.001383451228
         25.10127858       0.01527364895      0.007346669337      0.001373779661
         25.12110609       0.01530215565      0.007300627181      0.001364147037
         25.14093361        0.0153304973      0.007254829063      0.001354553865
         25.16076112       0.01535867291       0.00720927705      0.001345000651
         25.18058864        0.0153866815      0.007163973145      0.001335487892
         25.20041615       0.01541452211      0.007118919284      0.001326016083
         25.22024367       0.01544219381      0.007074117337      0.001316585709
         25.24007118       0.01546969569      0.007029569111      0.001307197253
          25.2598987       0.01549702688      0.006985276346      0.001297851189
         25.27972621       0.01552418651      0.006941240718      0.001288547989
         25.29955373       0.01555117374      0.006897463839      0.001279288118
         25.31938125       0.01557798775      0.006853947257      0.001270072036
         25.33920876       0.01560462774      0.006810692457      0.001260900201
         25.35903628       0.01563109292      0.006767700859      0.001251773062
         25.37886379       0.01565738255      0.006724973822      0.001242691067
         25.39869131       0.01568349588       0.00668251264      0.001233654658
         25.41851882       0.01570943218      0.006640318547      0.001224664275
         25.43834634       0.01573519075      0.006598392713      0.001215720351
         25.45817385        0.0157607709      0.006556736246      0.001206823318
         25.47800137       0.01578617197      0.006515350193      0.001197973603
         25.49782888       0.01581139329       0.00647423554      0.001189171629
          25.5176564       0.01583643424      0.006433393211      0.001180417817
         25.53748392       0.01586129417      0.006392824069      0.001171712584
         25.55731143        0.0158859725      0.006352528916      0.001163056344
         25.57713895       0.01591046862      0.006312508495      0.001154449508
         25.59696646       0.01593478195      0.006272763488      0.001145892485
         25.61679398       0.01595891192      0.006233294516       0.00113738568
         25.63662149       0.01598285799       0.00619410214      0.001128929496
         25.65644901       0.01600661961      0.006155186863      0.001120524334
         25.67627652       0.01603019625      0.006116549128      0.001112170592
         25.69610404        0.0160535874      0.006078189317      0.001103868666
         25.71593155       0.01607679254      0.006040107755       0.00109561895
         25.73575907       0.01609981119      0.006002304707      0.001087421835
         25.75558658       0.01612264285      0.005964780379      0.001079277713
          25.7754141       0.01614528706      0.005927534918       0.00107118697
         25.79524162       0.01616774334      0.005890568414      0.001063149994
         25.81506913       0.01619001124      0.005853880897      0.001055167168
         25.83489665       0.01621209031      0.005817472339      0.001047238875
         25.85472416       0.01623398011      0.005781342655      0.001039365498
         25.87455168       0.01625568021        0.0057454917      0.001031547415
         25.89437919       0.01627719019      0.005709919274      0.001023785006
         25.91420671       0.01629850962      0.005674625118      0.001016078648
         25.93403422       0.01631963811      0.005639608915      0.001008428716
         25.95386174       0.01634057523      0.005604870292      0.001000835584
         25.97368925        0.0163613206       0.00557040882     0.0009932996272
         25.99351677       0.01638187382       0.00553622401     0.0009858212163
         26.01334428       0.01640223451      0.005502315317     0.0009784007224
          26.0331718       0.01642240229      0.005468682141     0.0009710385153
         26.05299932       0.01644237677      0.005435323823     0.0009637349636
         26.07282683       0.01646215759      0.005402239647     0.0009564904348
         26.09265435       0.01648174437      0.005369428842     0.0009493052951
         26.11248186       0.01650113676      0.005336890578     0.0009421799098
         26.13230938       0.01652033439       0.00530462397      0.000935114643
         26.15213689       0.01653933691      0.005272628076     0.0009281098577
         26.17196441       0.01655814396      0.005240901898     0.0009211659157
         26.19179192       0.01657675519      0.005209444379     0.0009142831778
         26.21161944       0.01659517025      0.005178254409     0.0009074620034
         26.23144695       0.01661338879       0.00514733082     0.0009007027509
         26.25127447       0.01663141048      0.005116672387     0.0008940057774
         26.27110198       0.01664923496       0.00508627783     0.0008873714386
          26.2909295        0.0166668619      0.005056145813     0.0008808000891
         26.31075702       0.01668429096      0.005026274942      0.000874292082
         26.33058453       0.01670152179      0.004996663768     0.0008678477691
         26.35041205       0.01671855407      0.004967311027     0.0008614675007
         26.37023956       0.01673538745      0.004938217405     0.0008551516254
         26.39006708       0.01675202161      0.004909384561     0.0008489004906
         26.40989459        0.0167684562      0.004880814145     0.0008427144417
         26.42972211       0.01678469089      0.004852507787     0.0008365938225
         26.44954962       0.01680072535      0.004824467099      0.000830538975
         26.46937714       0.01681655924      0.004796693674     0.0008245502394
         26.48920465       0.01683219224      0.004769189086     0.0008186279537
         26.50903217         0.016847624      0.004741954889      0.000812772454
         26.52885969        0.0168628542      0.004714992619     0.0008069840743
          26.5486872        0.0168778825      0.004688303791     0.0008012631463
         26.56851472       0.01689270856      0.004661889903     0.0007956099993
         26.58834223       0.01690733206      0.004635752432     0.0007900249601
         26.60816975       0.01692175265      0.004609892835      0.000784508353
         26.62799726          0.01693597      0.004584312547     0.0007790604997
         26.64782478       0.01694998377      0.004559012987      0.000773681719
         26.66765229       0.01696379363      0.004533995551     0.0007683723269
         26.68747981       0.01697739923      0.004509261613     0.0007631326362
         26.70730732       0.01699080024      0.004484812529     0.0007579629565
         26.72713484       0.01700399631      0.004460649631     0.0007528635945
         26.74696235        0.0170169871      0.004436774231      0.000747834853
         26.76678987       0.01702977227       0.00441318762     0.0007428770315
         26.78661739       0.01704235147      0.004389891064     0.0007379904257
          26.8064449       0.01705472436      0.004366885811     0.0007331753276
         26.82627242       0.01706689058      0.004344173083     0.0007284320251
         26.84609993       0.01707884979       0.00432175408     0.0007237608019
         26.86592745       0.01709060163      0.004299629978     0.0007191619375
         26.88575496       0.01710214575      0.004277801932     0.0007146357071
         26.90558248        0.0171134818       0.00425627107      0.000710182381
         26.92540999       0.01712460943      0.004235038498     0.0007058022251
         26.94523751       0.01713552826      0.004214105296     0.0007014955001
         26.96506502       0.01714623794       0.00419347252     0.0006972624618
         26.98489254       0.01715673812        0.0041731412     0.0006931033607
         27.00472005       0.01716702842       0.00415311234     0.0006890184419
         27.02454757       0.01717710848       0.00413338692      0.000685007945
         27.04437509       0.01718697794      0.004113965891     0.0006810721038
          27.0642026       0.01719663642      0.004094850178     0.0006772111461
         27.08403012       0.01720608356       0.00407604068     0.0006734252939
         27.10385763       0.01721531898      0.004057538268     0.0006697147627
         27.12368515       0.01722434232      0.004039343783     0.0006660797615
         27.14351266       0.01723315318       0.00402145804     0.0006625204929
         27.16334018        0.0172417512      0.004003881824     0.0006590371527
         27.18316769       0.01725013599      0.003986615892     0.0006556299295
         27.20299521       0.01725830718       0.00396966097     0.0006522990049
         27.22282272       0.01726626438      0.003953017754     0.0006490445532
         27.24265024        0.0172740072      0.003936686911     0.0006458667411
         27.26247775       0.01728153528      0.003920669077     0.0006427657276
         27.28230527        0.0172888482      0.003904964856     0.0006397416638
         27.30213279        0.0172959456       0.00388957482     0.0006367946927
          27.3219603       0.01730282708      0.003874499512     0.0006339249491
         27.34178782       0.01730949225       0.00385973944     0.0006311325592
         27.36161533       0.01731594071      0.003845295081     0.0006284176408
         27.38144285       0.01732217208      0.003831166877     0.0006257803026
         27.40127036       0.01732818595      0.003817355238     0.0006232206443
         27.42109788       0.01733398194      0.003803860541     0.0006207387566
         27.44092539       0.01733955964      0.003790683126     0.0006183347206
         27.46075291       0.01734491867        0.0037778233     0.0006160086079
         27.48058042       0.01735005861      0.003765281335     0.0006137604803
         27.50040794       0.01735497906      0.003753057466     0.0006115903894
         27.52023546       0.01735967964      0.003741151896     0.0006094983771
         27.54006297       0.01736415993      0.003729564787     0.0006074844745
         27.55989049       0.01736841952      0.003718296267     0.0006055487024
           27.579718       0.01737245803      0.003707346426     0.0006036910708
         27.59954552       0.01737627503      0.003696715319     0.0006019115788
         27.61937303       0.01737987013       0.00368640296     0.0006002102144
         27.63920055       0.01738324291      0.003676409327     0.0005985869544
         27.65902806       0.01738639297      0.003666734361     0.0005970417638
         27.67885558        0.0173893199      0.003657377964     0.0005955745965
         27.69868309       0.01739202328          0.00364834      0.000594185394
         27.71851061       0.01739450272      0.003639620295     0.0005928740862
         27.73833812       0.01739675779      0.003631218637     0.0005916405905
         27.75816564       0.01739878809      0.003623134773     0.0005904848121
         27.77799316        0.0174005932      0.003615368413     0.0005894066437
         27.79782067       0.01740217272      0.003607919226     0.0005884059652
         27.81764819       0.01740352621      0.003600786843     0.0005874826436
          27.8374757       0.01740465328      0.003593970854     0.0005866365328
         27.85730322       0.01740555351       0.00358747081     0.0005858674736
         27.87713073       0.01740622648       0.00358128622     0.0005851752933
         27.89695825       0.01740667178      0.003575416554     0.0005845598056
         27.91678576       0.01740688899      0.003569861243     0.0005840208107
         27.93661328       0.01740687769      0.003564619675     0.0005835580947
         27.95644079       0.01740663747      0.003559691198     0.0005831714299
         27.97626831       0.01740616792      0.003555075121     0.0005828605742
         27.99609582        0.0174054686      0.003550770709     0.0005826252713
         28.01592334       0.01740453912      0.003546777191     0.0005824652504
         28.03575086       0.01740337904      0.003543093751     0.0005823802261
         28.05557837       0.01740198796      0.003539719534     0.0005823698984
         28.07540589       0.01740036545      0.003536653646     0.0005824339522
          28.0952334        0.0173985111       0.00353389515     0.0005825720575
         28.11506092       0.01739642448      0.003531443071     0.0005827838693
         28.13488843       0.01739410518      0.003529296391     0.0005830690273
         28.15471595       0.01739155278      0.003527454056     0.0005834271558
         28.17454346       0.01738876687      0.003525914969     0.0005838578638
         28.19437098       0.01738574702      0.003524677994     0.0005843607447
         28.21419849       0.01738249282      0.003523741958     0.0005849353764
         28.23402601       0.01737900384      0.003523105648     0.0005855813209
         28.25385352       0.01737527967      0.003522767811     0.0005862981244
         28.27368104       0.01737131989      0.003522727158     0.0005870853173
         28.29350856       0.01736712409      0.003522982362      0.000587942414
         28.31333607       0.01736269183       0.00352353206     0.0005888689128
         28.33316359       0.01735802272       0.00352437485     0.0005898642961
          28.3529911       0.01735311632      0.003525509296     0.0005909280298
         28.37281862       0.01734797223      0.003526933926      0.000592059564
         28.39264613       0.01734259002      0.003528647235     0.0005932583323
         28.41247365       0.01733696929       0.00353064768     0.0005945237522
         28.43230116        0.0173311096      0.003532933691     0.0005958552246
         28.45212868       0.01732501056       0.00353550366     0.0005972521345
         28.47195619       0.01731867174      0.003538355952     0.0005987138502
         28.49178371       0.01731209274      0.003541488899     0.0006002397241
         28.51161123       0.01730527313      0.003544900804      0.000601829092
         28.53143874       0.01729821251      0.003548589943     0.0006034812734
         28.55126626       0.01729091045      0.003552554562     0.0006051955716
         28.57109377       0.01728336656      0.003556792885      0.000606971274
         28.59092129       0.01727558041      0.003561303108     0.0006088076513
          28.6107488        0.0172675516      0.003566083404     0.0006107039585
         28.63057632       0.01725927972      0.003571131924     0.0006126594344
         28.65040383       0.01725076435        0.0035764468     0.0006146733019
         28.67023135       0.01724200508      0.003582026143     0.0006167447681
         28.69005886       0.01723300151      0.003587868047     0.0006188730243
         28.70988638       0.01722375323       0.00359397059     0.0006210572462
         28.72971389       0.01721425983      0.003600331836     0.0006232965941
         28.74954141        0.0172045209      0.003606949837     0.0006255902128
         28.76936893       0.01719453603      0.003613822633     0.0006279372321
         28.78919644       0.01718430482      0.003620948259     0.0006303367667
         28.80902396       0.01717382686      0.003628324741     0.0006327879165
         28.82885147       0.01716310175      0.003635950102     0.0006352897669
         28.84867899       0.01715212907      0.003643822362     0.0006378413888
          28.8685065       0.01714090843      0.003651939801      0.000640441839
         28.88833402       0.01712943943      0.003660301384     0.0006430901604
         28.90816153       0.01711772165      0.003668906188     0.0006457853824
         28.92798905       0.01710575469       0.00367775329      0.000648526521
         28.94781656       0.01709353816      0.003686841767      0.000651312579
         28.96764408       0.01708107164      0.003696170704     0.0006541425469
         28.98747159       0.01706835474      0.003705739189     0.0006570154024
         29.00729911       0.01705538706      0.003715546317     0.0006599301116
         29.02712663       0.01704216819      0.003725591197     0.0006628856288
         29.04695414       0.01702869774      0.003735872944     0.0006658808972
         29.06678166       0.01701497531      0.003746390692     0.0006689148491
         29.08660917       0.01700100048       0.00375714359     0.0006719864067
         29.10643669       0.01698677288      0.003768130803     0.0006750944821
          29.1262642        0.0169722921      0.003779351521     0.0006782379784
         29.14609172       0.01695755774      0.003790804955     0.0006814157896
         29.16591923        0.0169425694      0.003802490344     0.0006846268015
         29.18574675       0.01692732669      0.003814406955     0.0006878698922
         29.20557426       0.01691182922      0.003826554087     0.0006911439328
         29.22540178       0.01689607658      0.003838931074     0.0006944477878
         29.24522929       0.01688006838       0.00385153729     0.0006977803159
         29.26505681       0.01686380424      0.003864372768     0.0007011403706
         29.28488433       0.01684728375      0.003877439326     0.0007045268012
         29.30471184       0.01683050652      0.003890739103     0.0007079384531
         29.32453936       0.01681347217      0.003904274245     0.0007113741689
         29.34436687        0.0167961803      0.003918046906      0.000714832789
         29.36419439       0.01677863051       0.00393205925     0.0007183131525
          29.3840219       0.01676082243      0.003946313446     0.0007218140984
         29.40384942       0.01674275567      0.003960811673     0.0007253344658
         29.42367693       0.01672442983      0.003975556117     0.0007288730956
         29.44350445       0.01670584453      0.003990548971     0.0007324288309
         29.46333196       0.01668699939      0.004005792436     0.0007360005185
         29.48315948       0.01666789402      0.004021288719     0.0007395870096
           29.502987       0.01664852804      0.004037040035     0.0007431871609
         29.52281451       0.01662890107      0.004053048605      0.000746799836
         29.54264203       0.01660901273      0.004069316658     0.0007504239064
         29.56246954       0.01658886264      0.004085846427     0.0007540582528
         29.58229706       0.01656845042      0.004102640152     0.0007577017663
         29.60212457       0.01654777571      0.004119700079     0.0007613533498
         29.62195209       0.01652683812      0.004137028462     0.0007650119192
          29.6417796        0.0165056373      0.004154627556      0.000768676405
         29.66160712       0.01648417286      0.004172499625     0.0007723457537
         29.68143463       0.01646244444      0.004190646937     0.0007760189293
         29.70126215       0.01644045169      0.004209071765     0.0007796949149
         29.72108966       0.01641819423      0.004227776385      0.000783372825
         29.74091718       0.01639567172      0.004246763081     0.0007870523553
          29.7607447       0.01637288379      0.004266034138     0.0007907333829
         29.78057221       0.01634983009      0.004285591846     0.0007944157834
         29.80039973       0.01632651028        0.0043054385     0.0007980994307
         29.82022724       0.01630292401      0.004325576397     0.0008017841974
         29.84005476       0.01627907093      0.004346007838     0.0008054699541
         29.85988227       0.01625495072      0.004366735127     0.0008091565701
         29.87970979       0.01623056304       0.00438776057     0.0008128439128
          29.8995373       0.01620590756      0.004409086478     0.0008165318482
         29.91936482         0.016180984      0.004430715161     0.0008202202404
         29.93919233       0.01615579222      0.004452648933     0.0008239089521
         29.95901985       0.01613033214      0.004474890111     0.0008275978439
         29.97884736       0.01610460365      0.004497441011     0.0008312867751
         29.99867488       0.01607860667      0.004520303951      0.000834975603
          30.0185024       0.01605234109      0.004543481252     0.0008386641833
         30.03832991        0.0160258068      0.004566975232       0.00084235237
         30.05815743       0.01599900369      0.004590788214     0.0008460400151
         30.07798494       0.01597193164      0.004614922517     0.0008497269691
         30.09781246       0.01594459053      0.004639380463     0.0008534130805
         30.11763997       0.01591698023      0.004664164372      0.000857098196
         30.13746749        0.0158891006      0.004689276564     0.0008607821607
           30.157295       0.01586095149      0.004714719357     0.0008644648175
         30.17712252       0.01583253277      0.004740495068     0.0008681460078
         30.19695003       0.01580384427      0.004766606015     0.0008718255709
         30.21677755       0.01577488583      0.004793054511     0.0008755033443
         30.23660507       0.01574565727      0.004819842868     0.0008791791635
         30.25643258       0.01571615841      0.004846973396     0.0008828528623
          30.2762601       0.01568638908        0.0048744484     0.0008865242722
         30.29608761       0.01565634905      0.004902270185     0.0008901932232
         30.31591513       0.01562603814      0.004930441052      0.000893859543
         30.33574264       0.01559545612      0.004958963295     0.0008975230574
         30.35557016       0.01556460277      0.004987839208     0.0009011835903
         30.37539767       0.01553347784      0.005017071079     0.0009048409634
         30.39522519       0.01550208109      0.005046661191     0.0009084949966
          30.4150527       0.01547041227      0.005076611822     0.0009121455076
         30.43488022       0.01543847109      0.005106925245     0.0009157923121
         30.45470773       0.01540625729      0.005137603727     0.0009194352236
         30.47453525       0.01537377055       0.00516864953     0.0009230740536
         30.49436277       0.01534101059      0.005200064907     0.0009267086116
         30.51419028       0.01530797708      0.005231852107     0.0009303387047
          30.5340178       0.01527466968      0.005264013371     0.0009339641381
         30.55384531       0.01524108806      0.005296550932     0.0009375847147
         30.57367283       0.01520723185      0.005329467015     0.0009412002352
         30.59350034       0.01517310067      0.005362763839     0.0009448104981
         30.61332786       0.01513869415      0.005396443611     0.0009484152999
         30.63315537       0.01510401188      0.005430508532     0.0009520144345
         30.65298289       0.01506905344      0.005464960793     0.0009556076938
          30.6728104        0.0150338184      0.005499802575     0.0009591948674
         30.69263792       0.01499830631      0.005535036049     0.0009627757425
         30.71246543       0.01496251671      0.005570663375     0.0009663501041
         30.73229295       0.01492644911      0.005606686704     0.0009699177348
         30.75212047       0.01489010301      0.005643108175     0.0009734784148
         30.77194798       0.01485347791      0.005679929915     0.0009770319221
          30.7917755       0.01481657327       0.00571715404     0.0009805780322
         30.81160301       0.01477938853      0.005754782653     0.0009841165183
         30.83143053       0.01474192314      0.005792817846     0.0009876471509
         30.85125804       0.01470417651      0.005831261695     0.0009911696984
         30.87108556       0.01466614803      0.005870116267     0.0009946839266
         30.89091307       0.01462783708      0.005909383612     0.0009981895987
         30.91074059       0.01458924302      0.005949065766      0.001001686476
          30.9305681       0.01455036518      0.005989164752      0.001005174315
         30.95039562        0.0145112029      0.006029682578      0.001008652874
         30.97022313       0.01447175546      0.006070621236      0.001012121905
         30.99005065       0.01443202216      0.006111982702      0.001015581158
         31.00987817       0.01439200224      0.006153768938      0.001019030381
         31.02970568       0.01435169496      0.006195981888      0.001022469321
          31.0495332       0.01431109953      0.006238623481      0.001025897719
         31.06936071       0.01427021515      0.006281695626      0.001029315316
         31.08918823         0.014229041      0.006325200219      0.001032721848
         31.10901574       0.01418757625      0.006369139133      0.001036117052
         31.12884326       0.01414582003      0.006413514229      0.001039500657
         31.14867077       0.01410377145      0.006458327343      0.001042872395
         31.16849829       0.01406142963      0.006503580298      0.001046231991
          31.1883258       0.01401879362      0.006549274895      0.001049579168
         31.20815332       0.01397586249      0.006595412916      0.001052913648
         31.22798084       0.01393263528      0.006641996123      0.001056235148
         31.24780835         0.013889111      0.006689026259      0.001059543384
         31.26763587       0.01384528865      0.006736505045      0.001062838067
         31.28746338       0.01380116721      0.006784434182      0.001066118908
          31.3072909       0.01375674564      0.006832815352      0.001069385612
         31.32711841       0.01371202288      0.006881650213      0.001072637882
         31.34694593       0.01366699785      0.006930940402      0.001075875419
         31.36677344       0.01362166947      0.006980687535      0.001079097921
         31.38660096       0.01357603661      0.007030893207      0.001082305082
         31.40642847       0.01353009816      0.007081558987      0.001085496594
         31.42625599       0.01348385295      0.007132686426      0.001088672143
          31.4460835       0.01343729983      0.007184277048      0.001091831417
         31.46591102       0.01339043763      0.007236332358      0.001094974096
         31.48573854       0.01334326513      0.007288853836       0.00109809986
         31.50556605       0.01329578114      0.007341842937      0.001101208384
         31.52539357       0.01324798443      0.007395301095      0.001104299341
         31.54522108       0.01319987377       0.00744922972      0.001107372401
          31.5650486       0.01315144791      0.007503630197      0.001110427228
         31.58487611       0.01310270559      0.007558503889      0.001113463487
         31.60470363       0.01305364553      0.007613852132      0.001116480837
         31.62453114       0.01300426647      0.007669676242      0.001119478934
         31.64435866        0.0129545671      0.007725977508       0.00112245743
         31.66418617       0.01290454614      0.007782757195      0.001125415975
         31.68401369       0.01285420228      0.007840016545      0.001128354216
          31.7038412        0.0128035342      0.007897756777      0.001131271795
         31.72366872        0.0127525406      0.007955979082      0.001134168351
         31.74349624       0.01270122015      0.008014684631       0.00113704352
         31.76332375       0.01264957154       0.00807387457      0.001139896933
         31.78315127       0.01259759344       0.00813355002      0.001142728221
         31.80297878       0.01254528454       0.00819371208      0.001145537008
          31.8228063       0.01249264351      0.008254361824      0.001148322915
         31.84263381       0.01243966904      0.008315500305      0.001151085561
         31.86246133       0.01238635983      0.008377128552      0.001153824559
         31.88228884       0.01233271457       0.00843924757      0.001156539521
         31.90211636       0.01227873196      0.008501858345      0.001159230053
         31.92194387        0.0122244107      0.008564961839      0.001161895759
         31.94177139       0.01216974944      0.008628558992      0.001164536238
          31.9615989       0.01211474688      0.008692650726      0.001167151085
         31.98142642       0.01205940169      0.008757237932      0.001169739893
         32.00125394       0.01200371258      0.008822321425       0.00117230225
         32.02108145       0.01194767825      0.008887901954      0.001174837739
         32.04090897       0.01189129745      0.008953980234      0.001177345942
         32.06073648        0.0118345689      0.009020556943      0.001179826434
           32.080564       0.01177749138      0.009087632727      0.001182278788
         32.10039151       0.01172006368      0.009155208196      0.001184702572
         32.12021903       0.01166228461      0.009223283925       0.00118709735
         32.14004654       0.01160415301      0.009291860456      0.001189462684
         32.15987406       0.01154566777      0.009360938296      0.001191798129
         32.17970157        0.0114868278       0.00943051792      0.001194103237
         32.19952909       0.01142763204      0.009500599767      0.001196377557
         32.21935661        0.0113680795      0.009571184247      0.001198620633
         32.23918412        0.0113081692      0.009642271732      0.001200832003
         32.25901164       0.01124790026      0.009713862567      0.001203011204
         32.27883915        0.0111872718       0.00978595706      0.001205157767
         32.29866667       0.01112628303      0.009858555492      0.001207271219
         32.31849418       0.01106493323       0.00993165811      0.001209351082
          32.3383217       0.01100322173       0.01000526513      0.001211396874
         32.35814921       0.01094114794       0.01007937675       0.00121340811
         32.37797673       0.01087871134       0.01015399311      0.001215384298
         32.39780424       0.01081591152       0.01022911436      0.001217324945
         32.41763176       0.01075274813       0.01030474059       0.00121922955
         32.43745927       0.01068922093       0.01038087189      0.001221097609
         32.45728679       0.01062532978        0.0104575083      0.001222928614
         32.47711431       0.01056107465       0.01053464985      0.001224722053
         32.49694182       0.01049645561       0.01061229656      0.001226477406
         32.51676934       0.01043147287       0.01069044839      0.001228194152
         32.53659685       0.01036612676       0.01076910531      0.001229871763
         32.55642437       0.01030041774       0.01084826727      0.001231509709
         32.57625188       0.01023434644        0.0109279342      0.001233107452
          32.5960794        0.0101679136       0.01100810598      0.001234664451
         32.61590691       0.01010112016       0.01108878254      0.001236180161
         32.63573443       0.01003396721       0.01116996374       0.00123765403
         32.65556194      0.009966456014       0.01125164945      0.001239085503
         32.67538946      0.009898588039       0.01133383955      0.001240474018
         32.69521697       0.00983036494       0.01141653388      0.001241819011
         32.71504449      0.009761788582        0.0114997323      0.001243119911
         32.73487201      0.009692861049       0.01158343465      0.001244376142
         32.75469952      0.009623584656       0.01166764079      0.001245587124
         32.77452704      0.009553961956       0.01175235057       0.00124675227
         32.79435455       0.00948399576       0.01183756385       0.00124787099
         32.81418207       0.00941368914        0.0119232805      0.001248942689
         32.83400958      0.009343045449       0.01200950039      0.001249966764
          32.8538371      0.009272068332       0.01209622343       0.00125094261
         32.87366461      0.009200761739       0.01218344952      0.001251869615
         32.89349213      0.009129129939        0.0122711786      0.001252747162
         32.91331964      0.009057177539       0.01235941063      0.001253574629
         32.93314716      0.008984909494       0.01244814561      0.001254351389
         32.95297467      0.008912331125       0.01253738356      0.001255076807
         32.97280219      0.008839448139       0.01262712454      0.001255750247
         32.99262971       0.00876626664       0.01271736866      0.001256371063
         33.01245722      0.008692793153       0.01280811606      0.001256938608
         33.03228474      0.008619034638       0.01289936697      0.001257452225
         33.05211225      0.008544998511       0.01299112163      0.001257911255
         33.07193977      0.008470692666       0.01308338038      0.001258315032
         33.09176728      0.008396125037       0.01317614361      0.001258662883
          33.1115948      0.008321300606       0.01326941178      0.001258954132
         33.13142231       0.00824622294       0.01336318545      0.001259188095
         33.15124983      0.008170895617       0.01345746525      0.001259364084
         33.17107734      0.008095322232        0.0135522519      0.001259481405
         33.19090486      0.008019506393       0.01364754623      0.001259539356
         33.21073238      0.007943451726       0.01374334919      0.001259537231
         33.23055989      0.007867161866       0.01383966181      0.001259474319
         33.25038741      0.007790640463       0.01393648528      0.001259349902
         33.27021492      0.007713891178        0.0140338209      0.001259163255
         33.29004244      0.007636917682       0.01413167011      0.001258913649
         33.30986995      0.007559723657       0.01423003451      0.001258600347
         33.32969747      0.007482312793       0.01432891584      0.001258222608
         33.34952498      0.007404688786       0.01442831602      0.001257779684
          33.3693525      0.007326855341       0.01452823714       0.00125727082
         33.38918001      0.007248816166        0.0146286815      0.001256695255
         33.40900753      0.007170574976       0.01472965156      0.001256052225
         33.42883504      0.007092135489       0.01483115002      0.001255340954
         33.44866256      0.007013501424       0.01493317978      0.001254560665
         33.46849008      0.006934676503         0.015035744      0.001253710572
         33.48831759      0.006855664447       0.01513884607      0.001252789883
         33.50814511      0.006776468977       0.01524248962      0.001251797801
         33.52797262      0.006697093813        0.0153466786       0.00125073352
         33.54780014      0.006617542671        0.0154514172       0.00124959623
         33.56762765      0.006537819261       0.01555670993      0.001248385114
         33.58745517      0.006457927291       0.01566256163      0.001247099347
         33.60728268       0.00637787046       0.01576897746      0.001245738099
          33.6271102      0.006297652461       0.01587596292      0.001244300534
         33.64693771      0.006217276978        0.0159835239      0.001242785807
         33.66676523      0.006136747684       0.01609166664      0.001241193068
         33.68659274      0.006056068243       0.01620039782      0.001239521462
         33.70642026      0.005975242305       0.01630972451      0.001237770123
         33.72624778      0.005894273507       0.01641965414      0.001235938182
         33.74607529      0.005813165472       0.01653019191      0.001234024761
         33.76590281      0.005731921807       0.01664134047      0.001232028978
         33.78573032      0.005650546103       0.01675310233       0.00122994994
         33.80555784      0.005569041932       0.01686548002      0.001227786752
         33.82538535      0.005487412848       0.01697847606      0.001225538508
         33.84521287      0.005405662384       0.01709209296      0.001223204297
         33.86504038      0.005323794053       0.01720633324      0.001220783201
          33.8848679      0.005241811344       0.01732119941      0.001218274295
         33.90469541      0.005159717724       0.01743669397      0.001215676647
         33.92452293      0.005077516636       0.01755281943      0.001212989317
         33.94435044      0.004995211496       0.01766957828      0.001210211359
         33.96417796      0.004912805695       0.01778697303      0.001207341821
         33.98400548      0.004830302596       0.01790500617      0.001204379741
         34.00383299      0.004747705535       0.01802368018      0.001201324152
         34.02366051      0.004665017817       0.01814299754       0.00119817408
         34.04348802      0.004582242719       0.01826296074      0.001194928543
         34.06331554      0.004499383486       0.01838357223      0.001191586551
         34.08314305      0.004416443331       0.01850483449       0.00118814711
         34.10297057      0.004333425437       0.01862674997      0.001184609214
         34.12279808      0.004250332953       0.01874932113      0.001180971854
          34.1426256      0.004167168994       0.01887255041      0.001177234011
         34.16245311      0.004083936641       0.01899644024       0.00117339466
         34.18228063      0.004000638942       0.01912099305      0.001169452769
         34.20210815       0.00391727891       0.01924621126      0.001165407298
         34.22193566      0.003833859521       0.01937209729      0.001161257199
         34.24176318       0.00375038372       0.01949865353      0.001157001417
         34.26159069      0.003666854412       0.01962588238      0.001152638892
         34.28141821      0.003583274469       0.01975378621      0.001148168553
         34.30124572      0.003499646728       0.01988236741      0.001143589323
         34.32107324       0.00341597399       0.02001162834      0.001138900118
         34.34090075      0.003332259021       0.02014157133      0.001134099847
         34.36072827      0.003248504554       0.02027219873       0.00112918741
         34.38055578      0.003164713287       0.02040351287      0.001124161701
          34.4003833      0.003080887886       0.02053551605      0.001119021606
         34.42021081      0.002997030982       0.02066821058      0.001113766002
         34.44003833       0.00291314518       0.02080159874      0.001108393762
         34.45986585      0.002829233049        0.0209356828      0.001102903748
         34.47969336      0.002745297134       0.02107046502      0.001097294817
         34.49952088      0.002661339949       0.02120594764      0.001091565816
         34.51934839      0.002577363985       0.02134213289      0.001085715588
         34.53917591      0.002493371707       0.02147902297      0.001079742966
         34.55900342      0.002409365561       0.02161662007      0.001073646775
         34.57883094      0.002325347971       0.02175492637      0.001067425834
         34.59865845      0.002241321345       0.02189394403      0.001061078955
         34.61848597      0.002157288077       0.02203367517       0.00105460494
         34.63831348      0.002073250552       0.02217412193      0.001048002587
           34.658141      0.001989211145       0.02231528639      0.001041270684
         34.67796851      0.001905172227       0.02245717063      0.001034408011
         34.69779603      0.001821136173        0.0225997767      0.001027413344
         34.71762355      0.001737105357       0.02274310665      0.001020285448
         34.73745106      0.001653082167       0.02288716248      0.001013023082
         34.75727858      0.001569069002       0.02303194618      0.001005624999
         34.77710609      0.001485068281       0.02317745971     0.0009980899416
         34.79693361      0.001401082451       0.02332370501     0.0009904166479
         34.81676112      0.001317113987       0.02347068399     0.0009826038473
         34.83658864      0.001233165404       0.02361839855     0.0009746502623
         34.85641615      0.001149239263       0.02376685053     0.0009665546079
         34.87624367      0.001065338176       0.02391604177     0.0009583155922
         34.89607118     0.0009814648172       0.02406597408      0.000949931916
          34.9158987     0.0008976219314       0.02421664922     0.0009414022728
         34.93572621      0.000813812341       0.02436806895     0.0009327253493
         34.95555373     0.0007300389576       0.02452023497     0.0009238998249
         34.97538125     0.0006463047922       0.02467314896     0.0009149243721
         34.99520876     0.0005626129643       0.02482681258     0.0009057976564
