        16.435318275                   0              0.0625                   0              0.0625
        18.945927447                   0      0.086956521739                   0      0.086956521739
        19.342915811                   0       0.15531609064                   0       0.15531609064
        19.802874743                   0       0.15531609064      0.030605045477       0.18592113612
                  20     0.0081407886388       0.15531609064      0.030605045477       0.19406192475
        21.984941821     0.0098977534677       0.15531609064      0.030605045477       0.19581888958
        22.067077344     0.0098977534677       0.15801138328      0.030605045477       0.19851418222
        23.175906913      0.055833685305       0.15801138328      0.030605045477       0.24445011406
        23.816563997      0.055833685305       0.18579623568      0.030605045477       0.27223496646
        25.092402464      0.061458723045       0.18579623568      0.030605045477        0.2778600042
        25.968514716      0.068139019028       0.18579623568      0.030605045477       0.28454030018
        26.277891855      0.078359871882       0.18579623568      0.030605045477       0.29476115304
        26.666666667      0.083361565832       0.18579623568      0.030605045477       0.29976284699
        27.403148528       0.11753980782       0.18579623568      0.030605045477       0.33394108898
        27.619438741       0.12766495981       0.18579623568      0.030605045477       0.34406624096
        30.535249829       0.18659548341       0.18579623568      0.030605045477       0.40299676457
        31.986310746       0.18659548341       0.18579623568      0.037453548134       0.40984526723
        34.099931554       0.18659548341       0.22342171809      0.037453548134       0.44747074964
        34.592744695       0.19450650885       0.22342171809      0.037453548134       0.45538177508
