         15.18752088     1.251582366e-05     0.0005175513225     5.167694821e-05
         15.20734839     2.503443529e-05      0.001035095965     0.0001033560831
         15.22717591      3.75586206e-05      0.001552627248      0.000155039591
         15.24700342     5.009116078e-05      0.002070138491     0.0002067296579
         15.26683094     6.263483025e-05      0.002587623019     0.0002584284691
         15.28665845     7.519239439e-05      0.003105074153     0.0003101382092
         15.30648597     8.776660728e-05      0.003622485219     0.0003618610613
         15.32631348     0.0001003602095      0.004139849545     0.0004135992075
           15.346141     0.0001129759256       0.00465716046     0.0004653548283
         15.36596851     0.0001256164624      0.005174411298     0.0005171301022
         15.38579603     0.0001382845061      0.005691595394     0.0005689272062
         15.40562355     0.0001509827205      0.006208706087     0.0006207483145
         15.42545106     0.0001637137444      0.006725736721     0.0006725955993
         15.44527858     0.0001764801989      0.007242680643       0.00072447123
         15.46510609     0.0001892847319      0.007759531206     0.0007763773731
         15.48493361       0.00020213004      0.008276281767      0.000828316192
         15.50476112     0.0002150188688      0.008792925688     0.0008802898468
         15.52458864     0.0002279540117      0.009309456337      0.000932300494
         15.54441615     0.0002409383087      0.009825867088     0.0009843502865
         15.56424367     0.0002539746455       0.01034215132      0.001036441373
         15.58407118      0.000267065952       0.01085830243      0.001088575898
          15.6038987     0.0002802152018       0.01137431385      0.001140756002
         15.62372621     0.0002934254108       0.01189017908       0.00119298382
         15.64355373     0.0003066996363       0.01240589166      0.001245261483
         15.66338125     0.0003200409757       0.01292144518      0.001297591116
         15.68320876     0.0003334525659       0.01343683331       0.00134997484
         15.70303628     0.0003469375816       0.01395204975      0.001402414768
         15.72286379     0.0003604992351       0.01446708826       0.00145491301
         15.74269131     0.0003741407746       0.01498194265      0.001507471668
         15.76251882     0.0003878654834       0.01549660679      0.001560092838
         15.78234634     0.0004016766793       0.01601107459      0.001612778611
         15.80217385     0.0004155777126       0.01652534002       0.00166553107
         15.82200137     0.0004295719663        0.0170393971      0.001718352292
         15.84182888     0.0004436628541        0.0175532399      0.001771244344
          15.8616564     0.0004578538201       0.01806686255      0.001824209289
         15.88148392     0.0004721483375        0.0185802592      0.001877249181
         15.90131143     0.0004865499076       0.01909342409      0.001930366066
         15.92113895      0.000501062059       0.01960635147      0.001983561981
         15.94096646     0.0005156883464       0.02011903568      0.002036838958
         15.96079398     0.0005304323501       0.02063147108      0.002090199016
         15.98062149     0.0005452976744       0.02114365209      0.002143644168
         16.00044901     0.0005602879471       0.02165557316      0.002197176418
         16.02027652     0.0005754068187       0.02216722882      0.002250797758
         16.04010404     0.0005906579609       0.02267861362      0.002304510174
         16.05993155      0.000606045066       0.02318972216      0.002358315639
         16.07975907     0.0006215718463       0.02370054911       0.00241221612
         16.09958658     0.0006372420324       0.02421108916      0.002466213568
          16.1194141     0.0006530593732       0.02472133706       0.00252030993
         16.13924162     0.0006690276341       0.02523128759      0.002574507137
         16.15906913     0.0006851505968        0.0257409356      0.002628807111
         16.17889665      0.000701432058       0.02625027597      0.002683211763
         16.19872416     0.0007178758289       0.02675930361      0.002737722994
         16.21855168     0.0007344857337       0.02726801351      0.002792342689
         16.23837919     0.0007512656094       0.02777640067      0.002847072724
         16.25820671     0.0007682193044       0.02828446015      0.002901914963
         16.27803422     0.0007853506779       0.02879218705      0.002956871257
         16.29786174     0.0008026635991       0.02929957652      0.003011943444
         16.31768925     0.0008201619462       0.02980662374      0.003067133348
         16.33751677     0.0008378496053       0.03031332393      0.003122442781
         16.35734428     0.0008557304702       0.03081967238      0.003177873542
          16.3771718      0.000873808441       0.03132566437      0.003233427414
         16.39699932     0.0008920874234       0.03183129527       0.00328910617
         16.41682683     0.0009105713282       0.03233656047      0.003344911563
         16.43665435     0.0009292640699        0.0328414554      0.003400845337
         16.45648186     0.0009481695663       0.03334597553      0.003456909218
         16.47630938     0.0009672917376       0.03385011636      0.003513104917
         16.49613689     0.0009866345054       0.03435387345       0.00356943413
         16.51596441      0.001006201792       0.03485724239      0.003625898539
         16.53579192      0.001025997521       0.03536021879      0.003682499808
         16.55561944      0.001046025612       0.03586279833      0.003739239586
         16.57544695      0.001066289987        0.0363649767      0.003796119504
         16.59527447      0.001086794562       0.03686674965      0.003853141179
         16.61510198      0.001107543252       0.03736811298      0.003910306208
          16.6349295      0.001128539967        0.0378690625      0.003967616173
         16.65475702      0.001149788616       0.03836959408      0.004025072638
         16.67458453      0.001171293105       0.03886970364      0.004082677148
         16.69441205      0.001193057334       0.03936938711       0.00414043123
         16.71423956      0.001215085205       0.03986864049      0.004198336395
         16.73406708      0.001237380609       0.04036745981      0.004256394133
         16.75389459      0.001259947437       0.04086584112      0.004314605915
         16.77372211      0.001282789571       0.04136378053      0.004372973195
         16.79354962      0.001305910888       0.04186127418      0.004431497404
         16.81337714      0.001329315257       0.04235831825      0.004490179955
         16.83320465      0.001353006539       0.04285490895      0.004549022243
         16.85303217      0.001376988588       0.04335104254      0.004608025639
         16.87285969      0.001401265252        0.0438467153      0.004667191494
          16.8926872       0.00142584038       0.04434192355       0.00472652114
         16.91251472      0.001450717819       0.04483666366      0.004786015886
         16.93234223      0.001475901415       0.04533093201       0.00484567702
         16.95216975      0.001501395009       0.04582472504      0.004905505807
         16.97199726      0.001527202441        0.0463180392      0.004965503492
         16.99182478      0.001553327547         0.046810871      0.005025671294
         17.01165229      0.001579774157       0.04730321695      0.005086010413
         17.03147981      0.001606546094       0.04779507362      0.005146522023
         17.05130732      0.001633647176        0.0482864376      0.005207207276
         17.07113484      0.001661081214       0.04877730552        0.0052680673
         17.09096235      0.001688852011       0.04926767404      0.005329103197
         17.11078987       0.00171696336       0.04975753982      0.005390316048
         17.13061739      0.001745419045       0.05024689961      0.005451706906
          17.1504449       0.00177422284       0.05073575013      0.005513276801
         17.17027242      0.001803378509       0.05122408817      0.005575026736
         17.19009993      0.001832889803       0.05171191052       0.00563695769
         17.20992745       0.00186276046       0.05219921402      0.005699070614
         17.22975496      0.001892994208       0.05268599553      0.005761366434
         17.24958248      0.001923594757       0.05317225193      0.005823846049
         17.26940999      0.001954565806       0.05365798014      0.005886510331
         17.28923751      0.001985911037       0.05414317709      0.005949360123
         17.30906502      0.002017634117       0.05462783975      0.006012396242
         17.32889254      0.002049738695        0.0551119651      0.006075619477
         17.34872005      0.002082228405       0.05559555016      0.006139030587
         17.36854757      0.002115106862       0.05607859196      0.006202630303
         17.38837509      0.002148377661       0.05656108757      0.006266419327
          17.4082026      0.002182044381       0.05704303405      0.006330398331
         17.42803012      0.002216110578       0.05752442851      0.006394567958
         17.44785763      0.002250579789       0.05800526808      0.006458928819
         17.46768515      0.002285455529        0.0584855499      0.006523481497
         17.48751266      0.002320741293       0.05896527113      0.006588226541
         17.50734018      0.002356440551       0.05944442896      0.006653164471
         17.52716769      0.002392556752       0.05992302059      0.006718295774
         17.54699521      0.002429093321       0.06040104322      0.006783620905
         17.56682272      0.002466053657       0.06087849411      0.006849140287
         17.58665024      0.002503441135        0.0613553705      0.006914854311
         17.60647775      0.002541259106       0.06183166965      0.006980763332
         17.62630527      0.002579510893       0.06230738886      0.007046867675
         17.64613279      0.002618199792       0.06278252541      0.007113167627
          17.6659603      0.002657329073       0.06325707662      0.007179663444
         17.68578782      0.002696901978       0.06373103981      0.007246355345
         17.70561533      0.002736921719       0.06420441231      0.007313243516
         17.72544285       0.00277739148       0.06467719146      0.007380328105
         17.74527036       0.00281831442       0.06514937464      0.007447609225
         17.76509788      0.002859693679       0.06562095919      0.007515086954
         17.78492539      0.002901532377       0.06609194249      0.007582761331
         17.80475291      0.002943833613       0.06656232193      0.007650632358
         17.82458042      0.002986600467       0.06703209489      0.007718700001
         17.84440794      0.003029835994       0.06750125876      0.007786964188
         17.86423546      0.003073543231       0.06796981096      0.007855424806
         17.88406297      0.003117725187       0.06843774888      0.007924081705
         17.90389049      0.003162384853       0.06890506993      0.007992934696
           17.923718       0.00320752519       0.06937177153       0.00806198355
         17.94354552      0.003253149137       0.06983785108      0.008131227997
         17.96337303      0.003299259606       0.07030330601      0.008200667728
         17.98320055      0.003345859483       0.07076813372       0.00827030239
         18.00302806      0.003392951627       0.07123233162      0.008340131592
         18.02285558      0.003440538868       0.07169589714        0.0084101549
         18.04268309      0.003488624011       0.07215882768      0.008480371836
         18.06251061      0.003537209841       0.07262112064      0.008550781881
         18.08233812      0.003586299134       0.07308277342      0.008621384473
         18.10216564      0.003635894649       0.07354378342      0.008692179005
         18.12199316      0.003685999134       0.07400414802      0.008763164826
         18.14182067      0.003736615319       0.07446386461      0.008834341241
         18.16164819      0.003787745921       0.07492293055      0.008905707509
          18.1814757      0.003839393638       0.07538134321      0.008977262845
         18.20130322      0.003891561152       0.07583909993      0.009049006418
         18.22113073      0.003944251125       0.07629619806      0.009120937347
         18.24095825      0.003997466202       0.07675263491      0.009193054709
         18.26078576      0.004051209003       0.07720840779       0.00926535753
         18.28061328      0.004105482133       0.07766351401      0.009337844789
         18.30044079      0.004160288172       0.07811795084      0.009410515418
         18.32026831      0.004215629676       0.07857171554      0.009483368297
         18.34009582       0.00427150918       0.07902480534       0.00955640226
         18.35992334      0.004327929193       0.07947721748      0.009629616089
         18.37975086      0.004384892201       0.07992894915      0.009703008516
         18.39957837      0.004442400661       0.08037999753      0.009776578221
         18.41940589      0.004500457006       0.08083035977      0.009850323836
          18.4392334      0.004559063642         0.081280033      0.009924243937
         18.45906092      0.004618222955       0.08172901433       0.00999833705
         18.47888843       0.00467793731       0.08217730083       0.01007260165
         18.49871595      0.004738209052       0.08262488954       0.01014703615
         18.51854346      0.004799040501       0.08307177748       0.01022163892
         18.53837098      0.004860433956       0.08351796163       0.01029640826
         18.55819849      0.004922391691       0.08396343896       0.01037134244
         18.57802601      0.004984915954       0.08440820637       0.01044643965
         18.59785352       0.00504800897       0.08485226074       0.01052169804
         18.61768104      0.005111672935       0.08529559893       0.01059711569
         18.63750856      0.005175910028       0.08573821774       0.01067269063
         18.65733607      0.005240722412       0.08618011394       0.01074842083
         18.67716359      0.005306112237       0.08662128424       0.01082430421
          18.6969911      0.005372081637       0.08706172535       0.01090033862
         18.71681862      0.005438632731       0.08750143388       0.01097652185
         18.73664613      0.005505767619       0.08794040645       0.01105285165
         18.75647365      0.005573488387        0.0883786396       0.01112932567
         18.77630116      0.005641797101       0.08881612982       0.01120594154
         18.79612868      0.005710695812       0.08925287356       0.01128269681
         18.81595619      0.005780186548       0.08968886722       0.01135958896
         18.83578371      0.005850271321       0.09012410714       0.01143661547
         18.85561123      0.005920952122       0.09055858961       0.01151377378
         18.87543874      0.005992230921       0.09099231086       0.01159106134
         18.89526626      0.006064109668       0.09142526706       0.01166847558
         18.91509377       0.00613659029       0.09185745434       0.01174601393
         18.93492129      0.006209674693       0.09228886874        0.0118236738
          18.9547488      0.006283364762       0.09271950624        0.0119014526
         18.97457632      0.006357662356       0.09314936278       0.01197934774
         18.99440383      0.006432569311       0.09357843422       0.01205735661
         19.01423135      0.006508087441       0.09400671633       0.01213547658
         19.03405886      0.006584218533       0.09443420485       0.01221370504
         19.05388638      0.006660964349       0.09486089541       0.01229203936
         19.07371389      0.006738326629        0.0952867836       0.01237047689
         19.09354141      0.006816307082       0.09571186491         0.012449015
         19.11336893      0.006894907394       0.09613613477       0.01252765103
         19.13319644      0.006974129222       0.09655958851       0.01260638231
         19.15302396      0.007053974197        0.0969822214        0.0126852062
         19.17285147      0.007134443935       0.09740402861          0.01276412
         19.19267899      0.007215540068       0.09782500524       0.01284312105
          19.2125065      0.007297264259        0.0982451463       0.01292220666
         19.23233402      0.007379618201        0.0986644467       0.01300137415
         19.25216153      0.007462603612       0.09908290127        0.0130806208
         19.27198905      0.007546222235       0.09950050475       0.01315994393
         19.29181656      0.007630475841       0.09991725184       0.01323934082
         19.31164408       0.00771536622        0.1003331373       0.01331880877
         19.33147159      0.007800895189        0.1007481558       0.01339834505
         19.35129911      0.007887064582        0.1011623021       0.01347794696
         19.37112663      0.007973876255        0.1015755711       0.01355761175
         19.39095414      0.008061332086        0.1019879576        0.0136373367
         19.41078166      0.008149433987        0.1023994564       0.01371711907
         19.43060917        0.0082381839        0.1028100623       0.01379695613
         19.45043669      0.008327583802        0.1032197702       0.01387684514
          19.4702642      0.008417635701        0.1036285751       0.01395678334
         19.49009172      0.008508341632        0.1040364718         0.014036768
         19.50991923      0.008599703661        0.1044434554       0.01411679635
         19.52974675      0.008691723879        0.1048495207       0.01419686564
         19.54957426      0.008784404402        0.1052546627       0.01427697311
         19.56940178      0.008877747372        0.1056588765       0.01435711601
         19.58922929      0.008971754953        0.1060621571       0.01443729156
         19.60905681       0.00906642933        0.1064644995       0.01451749701
         19.62888433      0.009161772707        0.1068658987       0.01459772958
         19.64871184      0.009257787311        0.1072663499        0.0146779865
         19.66853936      0.009354475384        0.1076658481       0.01475826501
         19.68836687      0.009451839184        0.1080643884       0.01483856234
         19.70819439      0.009549880985        0.1084619661       0.01491887569
          19.7280219      0.009648603077        0.1088585764       0.01499920231
         19.74784942       0.00974800776        0.1092542145       0.01507953942
         19.76767693      0.009848097347        0.1096488759       0.01515988423
         19.78750445      0.009948874163         0.110042556       0.01524023397
         19.80733196       0.01005034054        0.1104352501       0.01532058587
         19.82715948       0.01015249882         0.110826954       0.01540093715
           19.846987       0.01025535135        0.1112176631       0.01548128502
         19.86681451       0.01035890048        0.1116073731       0.01556162671
         19.88664203       0.01046314858        0.1119960797       0.01564195944
         19.90646954       0.01056809801        0.1123837788       0.01572228044
         19.92629706       0.01067375113         0.112770466       0.01580258693
         19.94612457       0.01078011031        0.1131561374       0.01588287614
         19.96595209       0.01088717792        0.1135407889       0.01596314529
          19.9857796       0.01099495632        0.1139244165       0.01604339161
         20.00560712       0.01110344789        0.1143070161       0.01612361232
         20.02543463       0.01121265498        0.1146885841       0.01620380467
         20.04526215       0.01132257996        0.1150691165       0.01628396589
         20.06508966       0.01143322518        0.1154486095        0.0163640932
         20.08491718       0.01154459299        0.1158270596       0.01644418385
          20.1047447       0.01165668573         0.116204463       0.01652423507
         20.12457221       0.01176950574        0.1165808161       0.01660424412
         20.14439973       0.01188305536        0.1169561155       0.01668420823
         20.16422724       0.01199733688        0.1173303576       0.01676412465
         20.18405476       0.01211235263        0.1177035391       0.01684399064
         20.20388227        0.0122281049        0.1180756566       0.01692380346
         20.22370979       0.01234459598        0.1184467067       0.01700356035
          20.2435373       0.01246182812        0.1188166863       0.01708325859
         20.26336482        0.0125798036        0.1191855922       0.01716289545
         20.28319233       0.01269852466        0.1195534211       0.01724246818
         20.30301985       0.01281799352        0.1199201702       0.01732197408
         20.32284736       0.01293821239        0.1202858363       0.01740141042
         20.34267488       0.01305918346        0.1206504164       0.01748077448
          20.3625024       0.01318090892        0.1210139078       0.01756006356
         20.38232991       0.01330339091        0.1213763075       0.01763927495
         20.40215743       0.01342663157        0.1217376127       0.01771840596
         20.42198494       0.01355063302        0.1220978207       0.01779745388
         20.44181246       0.01367539735        0.1224569288       0.01787641604
         20.46163997       0.01380092663        0.1228149344       0.01795528975
         20.48146749       0.01392722292        0.1231718349       0.01803407233
           20.501295       0.01405428823        0.1235276277       0.01811276112
         20.52112252       0.01418212457        0.1238823105       0.01819135345
         20.54095003       0.01431073391        0.1242358807       0.01826984667
         20.56077755        0.0144401182         0.124588336       0.01834823812
         20.58060507       0.01457027936        0.1249396742       0.01842652517
         20.60043258        0.0147012193        0.1252898928       0.01850470518
          20.6202601       0.01483293988        0.1256389898       0.01858277553
         20.64008761       0.01496544293         0.125986963       0.01866073358
         20.65991513       0.01509873027        0.1263338101       0.01873857674
         20.67974264       0.01523280367        0.1266795293       0.01881630239
         20.69957016       0.01536766489        0.1270241184       0.01889390795
         20.71939767       0.01550331564        0.1273675755       0.01897139082
         20.73922519        0.0156397576        0.1277098987       0.01904874842
          20.7590527       0.01577699244         0.128051086       0.01912597818
         20.77888022       0.01591502177        0.1283911358       0.01920307755
         20.79870773       0.01605384718        0.1287300462       0.01928004397
         20.81853525       0.01619347021        0.1290678154       0.01935687489
         20.83836277       0.01633389239        0.1294044419       0.01943356779
         20.85819028       0.01647511519        0.1297399238       0.01951012013
          20.8780178       0.01661714006        0.1300742598       0.01958652941
         20.89784531       0.01675996842        0.1304074481       0.01966279311
         20.91767283       0.01690360162        0.1307394873       0.01973890875
         20.93750034       0.01704804101        0.1310703759       0.01981487384
         20.95732786       0.01719328788        0.1314001125       0.01989068591
         20.97715537       0.01733934349        0.1317286957       0.01996634249
         20.99698289       0.01748620905        0.1320561242       0.02004184114
          21.0168104       0.01763388575        0.1323823966        0.0201171794
         21.03663792       0.01778237471        0.1327075117       0.02019235486
         21.05646543       0.01793167704        0.1330314683       0.02026736508
         21.07629295        0.0180817938        0.1333542651       0.02034220767
         21.09612047       0.01823272599         0.133675901       0.02041688023
         21.11594798       0.01838447459         0.133996375       0.02049138038
          21.1357755       0.01853704053        0.1343156858       0.02056570574
         21.15560301        0.0186904247        0.1346338324       0.02063985395
         21.17543053       0.01884462794        0.1349508139       0.02071382267
         21.19525804       0.01899965104        0.1352666293       0.02078760956
         21.21508556       0.01915549478        0.1355812776       0.02086121231
         21.23491307       0.01931215985        0.1358947578       0.02093462859
         21.25474059       0.01946964692        0.1362070691       0.02100785612
          21.2745681       0.01962795661        0.1365182106       0.02108089261
         21.29439562       0.01978708951        0.1368281815        0.0211537358
         21.31422313       0.01994704614         0.137136981       0.02122638342
         21.33405065       0.02010782698        0.1374446083       0.02129883324
         21.35387817       0.02026943246        0.1377510626       0.02137108303
         21.37370568       0.02043186299        0.1380563433       0.02144313056
          21.3935332        0.0205951189        0.1383604495       0.02151497365
         21.41336071       0.02075920048        0.1386633806        0.0215866101
         21.43318823       0.02092410799         0.138965136       0.02165803774
         21.45301574       0.02108984162         0.139265715       0.02172925443
         21.47284326       0.02125640152         0.139565117         0.021800258
         21.49267077       0.02142378779        0.1398633413       0.02187104634
         21.51249829       0.02159200048        0.1401603874       0.02194161734
          21.5323258       0.02176103961        0.1404562547        0.0220119689
         21.55215332       0.02193090512        0.1407509427       0.02208209893
         21.57198084       0.02210159691        0.1410444507       0.02215200537
         21.59180835       0.02227311484        0.1413367783       0.02222168616
         21.61163587       0.02244545871         0.141627925       0.02229113929
         21.63146338       0.02261862828        0.1419178901       0.02236036272
          21.6512909       0.02279262325        0.1422066733       0.02242935445
         21.67111841       0.02296744327         0.142494274        0.0224981125
         21.69094593       0.02314308793        0.1427806918       0.02256663489
         21.71077344        0.0233195568        0.1430659261       0.02263491968
         21.73060096       0.02349684936        0.1433499764       0.02270296493
         21.75042847       0.02367496506        0.1436328424       0.02277076872
         21.77025599        0.0238539033        0.1439145234       0.02283832914
          21.7900835       0.02403366341        0.1441950191       0.02290564431
         21.80991102        0.0242142447        0.1444743289       0.02297271236
         21.82973854       0.02439564639        0.1447524524       0.02303953143
         21.84956605       0.02457786768        0.1450293891       0.02310609971
         21.86939357       0.02476090769        0.1453051385       0.02317241536
         21.88922108       0.02494476551        0.1455797001        0.0232384766
          21.9090486       0.02512944017        0.1458530733       0.02330428164
         21.92887611       0.02531493063        0.1461252577       0.02336982872
         21.94870363       0.02550123582        0.1463962527        0.0234351161
         21.96853114       0.02568835462        0.1466660578       0.02350014204
         21.98835866       0.02587628583        0.1469346725       0.02356490485
         22.00818617       0.02606502823        0.1472020961       0.02362940284
         22.02801369       0.02625458051        0.1474683281       0.02369363433
          22.0478412       0.02644494134        0.1477333678       0.02375759768
         22.06766872       0.02663610932        0.1479972146       0.02382129124
         22.08749624       0.02682808301        0.1482598679       0.02388471342
         22.10732375       0.02702086088         0.148521327       0.02394786261
         22.12715127        0.0272144414        0.1487815912       0.02401073725
         22.14697878       0.02740882295        0.1490406597       0.02407333577
          22.1668063       0.02760400386        0.1492985319       0.02413565664
         22.18663381       0.02779998242        0.1495552068       0.02419769834
         22.20646133       0.02799675686        0.1498106838       0.02425945939
         22.22628884       0.02819432535        0.1500649622       0.02432093829
         22.24611636       0.02839268601        0.1503180415       0.02438213361
         22.26594387       0.02859183692        0.1505699211       0.02444304389
         22.28577139       0.02879177609        0.1508206006       0.02450366773
          22.3055989       0.02899250151        0.1510700796       0.02456400373
         22.32542642       0.02919401118        0.1513183579       0.02462405051
         22.34525394       0.02939630317        0.1515654354       0.02468380672
         22.36508145       0.02959937559        0.1518113117       0.02474327103
         22.38490897       0.02980322658         0.152055987       0.02480244212
         22.40473648       0.03000785435        0.1522994612       0.02486131869
           22.424564       0.03021325712        0.1525417343       0.02491989949
         22.44439151       0.03041943317        0.1527828067       0.02497818326
         22.46421903       0.03062638082        0.1530226785       0.02503616876
         22.48404654       0.03083409841        0.1532613501        0.0250938548
         22.50387406       0.03104258434        0.1534988218       0.02515124018
         22.52370157       0.03125183704        0.1537350941       0.02520832374
         22.54352909       0.03146185495        0.1539701675       0.02526510434
         22.56335661       0.03167263656        0.1542040426       0.02532158084
         22.58318412       0.03188418041        0.1544367202       0.02537775217
         22.60301164       0.03209648503        0.1546682009       0.02543361722
         22.62283915       0.03230954901        0.1548984856       0.02548917495
         22.64266667       0.03252337096        0.1551275752       0.02554442433
         22.66249418        0.0327379495        0.1553554706       0.02559936433
          22.6823217        0.0329532833        0.1555821729       0.02565399397
         22.70214921       0.03316937104        0.1558076831       0.02570831229
         22.72197673       0.03338621142        0.1560320024       0.02576231832
         22.74180424       0.03360380317        0.1562551321       0.02581601116
         22.76163176       0.03382214504        0.1564770735       0.02586938989
         22.78145927        0.0340412358        0.1566978278       0.02592245364
         22.80128679       0.03426107423        0.1569173966       0.02597520155
         22.82111431       0.03448165913        0.1571357813       0.02602763279
         22.84094182       0.03470298932        0.1573529836       0.02607974655
         22.86076934       0.03492506364         0.157569005       0.02613154203
         22.88059685       0.03514788094        0.1577838472       0.02618301848
         22.90042437       0.03537144007         0.157997512       0.02623417514
         22.92025188       0.03559573991        0.1582100012        0.0262850113
          22.9400794       0.03582077935        0.1584213167       0.02633552626
         22.95990691       0.03604655727        0.1586314604       0.02638571935
         22.97973443       0.03627307259        0.1588404343       0.02643558991
         22.99956194       0.03650032421        0.1590482405       0.02648513732
         23.01938946       0.03672831106        0.1592548812       0.02653436098
         23.03921697       0.03695703206        0.1594603584       0.02658326029
         23.05904449       0.03718648614        0.1596646745       0.02663183471
         23.07887201       0.03741667223        0.1598678317        0.0266800837
         23.09869952       0.03764758928        0.1600698324       0.02672800675
         23.11852704       0.03787923623         0.160270679       0.02677560336
         23.13835455       0.03811161202        0.1604703739       0.02682287308
         23.15818207        0.0383447156        0.1606689198       0.02686981546
         23.17800958        0.0385785459        0.1608663191       0.02691643008
          23.1978371       0.03881310188        0.1610625745       0.02696271656
         23.21766461       0.03904838248        0.1612576887       0.02700867452
         23.23749213       0.03928438664        0.1614516643       0.02705430361
         23.25731964       0.03952111329        0.1616445043       0.02709960351
         23.27714716       0.03975856136        0.1618362113       0.02714457393
         23.29697467        0.0399967298        0.1620267883       0.02718921458
         23.31680219       0.04023561751        0.1622162383       0.02723352521
         23.33662971       0.04047522342        0.1624045642        0.0272775056
         23.35645722       0.04071554643        0.1625917689       0.02732115554
         23.37628474       0.04095658545        0.1627778557       0.02736447485
         23.39611225       0.04119833937        0.1629628275       0.02740746337
         23.41593977       0.04144080708        0.1631466876       0.02745012097
         23.43576728       0.04168398745        0.1633294391       0.02749244754
          23.4555948       0.04192787935        0.1635110853         0.027534443
         23.47542231       0.04217248163        0.1636916295       0.02757610728
         23.49524983       0.04241779313        0.1638710749       0.02761744035
         23.51507734       0.04266381268         0.164049425       0.02765844219
         23.53490486        0.0429105391        0.1642266831       0.02769911281
         23.55473238       0.04315797119        0.1644028526       0.02773945224
         23.57455989       0.04340610774        0.1645779371       0.02777946055
         23.59438741       0.04365494752          0.16475194       0.02781913782
         23.61421492       0.04390448929        0.1649248649       0.02785848415
         23.63404244        0.0441547318        0.1650967152       0.02789749966
         23.65386995       0.04440567376        0.1652674947       0.02793618452
         23.67369747       0.04465731389        0.1654372069        0.0279745389
         23.69352498       0.04490965088        0.1656058556       0.02801256299
          23.7133525        0.0451626834        0.1657734442       0.02805025703
         23.73318001       0.04541641011        0.1659399767       0.02808762127
         23.75300753       0.04567082963        0.1661054567       0.02812465597
         23.77283504       0.04592594059        0.1662698879       0.02816136144
         23.79266256       0.04618174158        0.1664332742       0.02819773802
         23.81249008       0.04643823117        0.1665956193        0.0282337861
         23.83231759       0.04669540792        0.1667569271       0.02826950607
         23.85214511       0.04695327035        0.1669172014       0.02830489839
         23.87197262       0.04721181698        0.1670764461       0.02833996354
         23.89180014       0.04747104629        0.1672346649       0.02837470202
         23.91162765       0.04773095674        0.1673918619        0.0284091144
         23.93145517       0.04799154678        0.1675480409       0.02844320126
         23.95128268       0.04825281483        0.1677032058        0.0284769632
          23.9711102       0.04851475926        0.1678573606       0.02851040088
         23.99093771       0.04877737846        0.1680105092       0.02854351499
         24.01076523       0.04904067076        0.1681626554       0.02857630624
         24.03059274       0.04930463449        0.1683138033       0.02860877539
         24.05042026       0.04956926792        0.1684639569        0.0286409232
         24.07024778       0.04983456934        0.1686131199       0.02867275051
         24.09007529       0.05010053697        0.1687612966       0.02870425815
         24.10990281       0.05036716903        0.1689084906       0.02873544701
         24.12973032        0.0506344637        0.1690547062       0.02876631799
         24.14955784       0.05090241915         0.169199947       0.02879687205
         24.16938535        0.0511710335        0.1693442173       0.02882711015
         24.18921287       0.05144030485        0.1694875208       0.02885703329
         24.20904038       0.05171023128        0.1696298615       0.02888664252
          24.2288679       0.05198081083        0.1697712433       0.02891593891
         24.24869541       0.05225204152        0.1699116701       0.02894492355
         24.26852293       0.05252392134         0.170051146       0.02897359756
         24.28835044       0.05279644824        0.1701896746       0.02900196211
         24.30817796       0.05306962016          0.17032726       0.02903001838
         24.32800548       0.05334343499        0.1704639059       0.02905776759
         24.34783299       0.05361789059        0.1705996162       0.02908521099
         24.36766051       0.05389298482        0.1707343948       0.02911234985
         24.38748802       0.05416871547        0.1708682453       0.02913918548
         24.40731554       0.05444508033        0.1710011717       0.02916571921
         24.42714305       0.05472207713        0.1711331775        0.0291919524
         24.44697057        0.0549997036        0.1712642666       0.02921788644
         24.46679808       0.05527795742        0.1713944427       0.02924352275
          24.4866256       0.05555683624        0.1715237093       0.02926886277
         24.50645311       0.05583633768        0.1716520701       0.02929390798
         24.52628063       0.05611645933        0.1717795287       0.02931865988
         24.54610815       0.05639719875        0.1719060886       0.02934311999
         24.56593566       0.05667855346        0.1720317534       0.02936728986
         24.58576318       0.05696052096        0.1721565265       0.02939117108
         24.60559069        0.0572430987        0.1722804113       0.02941476524
         24.62541821       0.05752628412        0.1724034112       0.02943807399
         24.64524572       0.05781007461        0.1725255296       0.02946109898
         24.66507324       0.05809446754        0.1726467698       0.02948384189
         24.68490075       0.05837946023        0.1727671349       0.02950630443
         24.70472827       0.05866504998        0.1728866281       0.02952848833
         24.72455578       0.05895123407        0.1730052527       0.02955039535
          24.7443833       0.05923800971        0.1731230117       0.02957202727
         24.76421081       0.05952537411        0.1732399084       0.02959338589
         24.78403833       0.05981332444        0.1733559461       0.02961447304
         24.80386585       0.06010185783        0.1734711281       0.02963529058
         24.82369336       0.06039097137        0.1735854578       0.02965584039
         24.84352088       0.06068066214        0.1736989387       0.02967612435
         24.86334839       0.06097092717        0.1738115741       0.02969614439
         24.88317591       0.06126176345        0.1739233676       0.02971590245
         24.90300342       0.06155316796        0.1740343229       0.02973540051
         24.92283094       0.06184513763        0.1741444435       0.02975464054
         24.94265845       0.06213766936        0.1742537331       0.02977362455
         24.96248597       0.06243076002        0.1743621953       0.02979235458
         24.98231348       0.06272440643        0.1744698341       0.02981083268
           25.002141       0.06301860541        0.1745766531       0.02982906091
         25.02196851       0.06331335371        0.1746826563       0.02984704137
         25.04179603       0.06360864807        0.1747878475       0.02986477617
         25.06162355        0.0639044852        0.1748922307       0.02988226744
         25.08145106       0.06420086176        0.1749958098       0.02989951734
         25.10127858       0.06449777438        0.1750985889       0.02991652802
         25.12110609       0.06479521968         0.175200572       0.02993330169
         25.14093361        0.0650931942        0.1753017632       0.02994984055
         25.16076112        0.0653916945        0.1754021667       0.02996614682
         25.18058864       0.06569071708        0.1755017867       0.02998222274
         25.20041615        0.0659902584        0.1756006273       0.02999807058
         25.22024367       0.06629031491        0.1756986929       0.03001369262
         25.24007118         0.066590883        0.1757959876       0.03002909114
          25.2598987       0.06689195905        0.1758925159       0.03004426847
         25.27972621       0.06719353941        0.1759882821       0.03005922693
         25.29955373       0.06749562037        0.1760832906       0.03007396886
         25.31938125       0.06779819822        0.1761775459       0.03008849662
         25.33920876       0.06810126919        0.1762710523       0.03010281259
         25.35903628       0.06840482951        0.1763638144       0.03011691915
         25.37886379       0.06870887534        0.1764558367       0.03013081872
         25.39869131       0.06901340284        0.1765471238        0.0301445137
         25.41851882       0.06931840813        0.1766376802       0.03015800653
         25.43834634       0.06962388728        0.1767275105       0.03017129966
         25.45817385       0.06992983635        0.1768166194       0.03018439555
         25.47800137       0.07023625137        0.1769050116       0.03019729667
         25.49782888       0.07054312832        0.1769926917       0.03021000549
          25.5176564       0.07085046316        0.1770796644       0.03022252453
         25.53748392       0.07115825184        0.1771659345       0.03023485629
         25.55731143       0.07146649023        0.1772515068       0.03024700329
         25.57713895       0.07177517423        0.1773363859       0.03025896805
         25.59696646       0.07208429965        0.1774205768       0.03027075313
         25.61679398       0.07239386231        0.1775040842       0.03028236108
         25.63662149       0.07270385799         0.177586913       0.03029379445
         25.65644901       0.07301428244         0.177669068       0.03030505582
         25.67627652       0.07332513138         0.177750554       0.03031614778
         25.69610404        0.0736364005        0.1778313761        0.0303270729
         25.71593155       0.07394808546        0.1779115391        0.0303378338
         25.73575907       0.07426018188        0.1779910478       0.03034843308
         25.75558658       0.07457268539        0.1780699073       0.03035887336
          25.7754141       0.07488559154        0.1781481224       0.03036915725
         25.79524162       0.07519889589        0.1782256981       0.03037928739
         25.81506913       0.07551259396        0.1783026394       0.03038926641
         25.83489665       0.07582668123        0.1783789512       0.03039909696
         25.85472416       0.07614115317        0.1784546385       0.03040878168
         25.87455168       0.07645600522        0.1785297063       0.03041832323
         25.89437919       0.07677123278        0.1786041596       0.03042772427
         25.91420671       0.07708683124        0.1786780036       0.03043698746
         25.93403422       0.07740279595        0.1787512435       0.03044611547
         25.95386174       0.07771912224        0.1788238845       0.03045511098
         25.97368925       0.07803580542         0.178895932       0.03046397665
         25.99351677       0.07835284075        0.1789673912       0.03047271517
         26.01334428       0.07867022349        0.1790382678       0.03048132921
          26.0331718       0.07898794887         0.179108567       0.03048982147
         26.05299932       0.07930601208        0.1791782945       0.03049819462
         26.07282683        0.0796244083        0.1792474559       0.03050645135
         26.09265435       0.07994313268        0.1793160568       0.03051459435
         26.11248186       0.08026218035        0.1793841029       0.03052262632
         26.13230938       0.08058154641        0.1794515998       0.03053054993
         26.15213689       0.08090122592        0.1795185535       0.03053836787
         26.17196441       0.08122121396        0.1795849695       0.03054608283
         26.19179192       0.08154150555        0.1796508539       0.03055369751
         26.21161944       0.08186209569        0.1797162125       0.03056121457
         26.23144695       0.08218297938        0.1797810512       0.03056863671
         26.25127447       0.08250415157        0.1798453759        0.0305759666
         26.27110198        0.0828256072        0.1799091926       0.03058320693
          26.2909295       0.08314734119        0.1799725073       0.03059036036
         26.31075702       0.08346934843         0.180035326       0.03059742956
         26.33058453       0.08379162381        0.1800976547        0.0306044172
         26.35041205       0.08411416217        0.1801594995       0.03061132594
         26.37023956       0.08443695835        0.1802208665       0.03061815843
         26.39006708       0.08476000718        0.1802817617       0.03062491733
         26.40989459        0.0850833035        0.1803421912       0.03063160527
         26.42972211        0.0854068421        0.1804021612        0.0306382249
         26.44954962       0.08573061781        0.1804616778       0.03064477884
         26.46937714       0.08605462542         0.180520747       0.03065126971
         26.48920465       0.08637885973        0.1805793751       0.03065770013
         26.50903217       0.08670331554        0.1806375681        0.0306640727
         26.52885969       0.08702798763        0.1806953321       0.03067039003
          26.5486872       0.08735287078        0.1807526733       0.03067665468
         26.56851472       0.08767795975        0.1808095977       0.03068286925
         26.58834223       0.08800324931        0.1808661115       0.03068903629
         26.60816975       0.08832873423        0.1809222208       0.03069515836
         26.62799726       0.08865440926        0.1809779316       0.03070123801
         26.64782478       0.08898026914          0.18103325       0.03070727776
         26.66765229       0.08930630863         0.181088182       0.03071328014
         26.68747981       0.08963252245        0.1811427336       0.03071924764
         26.70730732       0.08995890533        0.1811969109       0.03072518276
         26.72713484       0.09028545202        0.1812507198       0.03073108798
         26.74696235       0.09061215722        0.1813041662       0.03073696576
         26.76678987       0.09093901567        0.1813572561       0.03074281855
         26.78661739       0.09126602205        0.1814099952       0.03074864878
          26.8064449        0.0915931711        0.1814623896       0.03075445887
         26.82627242        0.0919204575        0.1815144449       0.03076025121
         26.84609993       0.09224787597         0.181566167       0.03076602818
         26.86592745       0.09257542118        0.1816175615       0.03077179216
         26.88575496       0.09290308784        0.1816686341       0.03077754548
         26.90558248       0.09323087064        0.1817193904       0.03078329047
         26.92540999       0.09355876424        0.1817698361       0.03078902944
         26.94523751       0.09388676334        0.1818199765       0.03079476467
         26.96506502        0.0942148626        0.1818698173       0.03080049844
         26.98489254       0.09454305671        0.1819193637       0.03080623298
         27.00472005       0.09487134032        0.1819686212       0.03081197053
         27.02454757       0.09519970811         0.182017595       0.03081771327
         27.04437509       0.09552815473        0.1820662903       0.03082346339
          27.0642026       0.09585667485        0.1821147122       0.03082922305
         27.08403012       0.09618526313        0.1821628659       0.03083499437
         27.10385763       0.09651391421        0.1822107564       0.03084077946
         27.12368515       0.09684262275        0.1822583884        0.0308465804
         27.14351266        0.0971713834         0.182305767       0.03085239925
         27.16334018       0.09750019082        0.1823528968       0.03085823803
         27.18316769       0.09782903964        0.1823997826       0.03086409875
         27.20299521       0.09815792455        0.1824464288       0.03086998338
         27.22282272       0.09848684022        0.1824928401       0.03087589387
         27.24265024       0.09881578135        0.1825390208       0.03088183213
         27.26247775       0.09914474263        0.1825849753       0.03088780005
         27.28230527       0.09947371879        0.1826307079       0.03089379948
         27.30213279       0.09980270454        0.1826762229       0.03089983227
          27.3219603        0.1001316946        0.1827215244        0.0309059002
         27.34178782        0.1004606838        0.1827666167       0.03091200503
         27.36161533        0.1007896668        0.1828115037        0.0309181485
         27.38144285        0.1011186384        0.1828561894       0.03092433231
         27.40127036        0.1014475934        0.1829006779       0.03093055811
         27.42109788        0.1017765266         0.182944973       0.03093682755
         27.44092539        0.1021054328        0.1829890785       0.03094314221
         27.46075291        0.1024343068        0.1830329981       0.03094950366
         27.48058042        0.1027631434        0.1830767354       0.03095591341
         27.50040794        0.1030919374        0.1831202941       0.03096237296
         27.52023546        0.1034206838        0.1831636776       0.03096888376
         27.54006297        0.1037493774        0.1832068894        0.0309754472
         27.55989049         0.104078013        0.1832499327       0.03098206467
           27.579718        0.1044065855        0.1832928108        0.0309887375
         27.59954552        0.1047350898        0.1833355269       0.03099546698
         27.61937303        0.1050635208        0.1833780839       0.03100225435
         27.63920055        0.1053918734         0.183420485       0.03100910082
         27.65902806        0.1057201426        0.1834627331       0.03101600757
         27.67885558        0.1060483233        0.1835048315       0.03102297572
         27.69868309        0.1063764103        0.1835467831       0.03103000634
         27.71851061        0.1067043987        0.1835885915       0.03103710047
         27.73833812        0.1070322835        0.1836302599       0.03104425911
         27.75816564        0.1073600596        0.1836717917       0.03105148318
         27.77799316        0.1076877219        0.1837131906        0.0310587736
         27.79782067        0.1080152655        0.1837544602       0.03106613121
         27.81764819        0.1083426854        0.1837956041       0.03107355682
          27.8374757        0.1086699766        0.1838366261       0.03108105117
         27.85730322        0.1089971341        0.1838775301       0.03108861498
         27.87713073         0.109324153          0.18391832       0.03109624889
         27.89695825        0.1096510282        0.1839589999       0.03110395352
         27.91678576        0.1099777549        0.1839995737       0.03111172941
         27.93661328        0.1103043281        0.1840400456       0.03111957706
         27.95644079        0.1106307429        0.1840804199       0.03112749692
         27.97626831        0.1109569943        0.1841207009       0.03113548938
         27.99609582        0.1112830775        0.1841608928       0.03114355478
         28.01592334        0.1116089875        0.1842010001        0.0311516934
         28.03575086        0.1119347194        0.1842410273       0.03115990547
         28.05557837        0.1122602685        0.1842809789       0.03116819116
         28.07540589        0.1125856297        0.1843208596       0.03117655058
          28.0952334        0.1129107983         0.184360674        0.0311849838
         28.11506092        0.1132357693        0.1844004268       0.03119349087
         28.13488843         0.113560538        0.1844401228       0.03120207185
         28.15471595        0.1138850995        0.1844797668       0.03121072678
         28.17454346        0.1142094489        0.1845193638       0.03121945571
         28.19437098        0.1145335815        0.1845589187       0.03122825865
         28.21419849        0.1148574924        0.1845984365       0.03123713565
         28.23402601        0.1151811769        0.1846379223       0.03124608673
         28.25385352          0.11550463        0.1846773811       0.03125511191
         28.27368104        0.1158278472        0.1847168181       0.03126421119
         28.29350856        0.1161508234        0.1847562385       0.03127338459
         28.31333607        0.1164735541        0.1847956476       0.03128263211
         28.33316359        0.1167960345        0.1848350506       0.03129195375
          28.3529911        0.1171182598        0.1848744529       0.03130134949
         28.37281862        0.1174402255        0.1849138599       0.03131081933
         28.39264613        0.1177619267        0.1849532769       0.03132036324
         28.41247365        0.1180833589        0.1849927095        0.0313299812
         28.43230116        0.1184045175        0.1850321632       0.03133967319
         28.45212868        0.1187253978        0.1850716434       0.03134943916
         28.47195619        0.1190459953        0.1851111558       0.03135927907
         28.49178371        0.1193663055         0.185150706       0.03136919289
         28.51161123        0.1196863237        0.1851902995       0.03137918055
         28.53143874        0.1200060456        0.1852299422       0.03138924201
         28.55126626        0.1203254665        0.1852696397        0.0313993772
         28.57109377        0.1206445821        0.1853093977       0.03140958605
         28.59092129         0.120963388        0.1853492221        0.0314198685
          28.6107488        0.1212818796        0.1853891185       0.03143022446
         28.63057632        0.1216000527        0.1854290929       0.03144065385
         28.65040383        0.1219179028        0.1854691511       0.03145115659
         28.67023135        0.1222354256         0.185509299       0.03146173257
         28.69005886        0.1225526168        0.1855495425       0.03147238171
         28.70988638        0.1228694721        0.1855898875        0.0314831039
         28.72971389        0.1231859872          0.18563034       0.03149389902
         28.74954141        0.1235021579        0.1856709059       0.03150476697
         28.76936893        0.1238179799        0.1857115912       0.03151570762
         28.78919644        0.1241334491         0.185752402       0.03152672086
         28.80902396        0.1244485613        0.1857933442       0.03153780654
         28.82885147        0.1247633123         0.185834424       0.03154896454
         28.84867899        0.1250776979        0.1858756473       0.03156019471
          28.8685065        0.1253917142        0.1859170202       0.03157149691
         28.88833402        0.1257053569        0.1859585489         0.031582871
         28.90816153        0.1260186221        0.1860002394        0.0315943168
         28.92798905        0.1263315056        0.1860420979       0.03160583416
         28.94781656        0.1266440036        0.1860841304       0.03161742292
         28.96764408        0.1269561119        0.1861263431        0.0316290829
         28.98747159        0.1272678267        0.1861687421       0.03164081393
         29.00729911         0.127579144        0.1862113336       0.03165261583
         29.02712663        0.1278900599        0.1862541238        0.0316644884
         29.04695414        0.1282005704        0.1862971187       0.03167643147
         29.06678166        0.1285106718        0.1863403246       0.03168844482
         29.08660917        0.1288203601        0.1863837476       0.03170052826
         29.10643669        0.1291296315        0.1864273939       0.03171268159
          29.1262642        0.1294384823        0.1864712696       0.03172490459
         29.14609172        0.1297469087         0.186515381       0.03173719704
         29.16591923        0.1300549069        0.1865597341       0.03174955873
         29.18574675        0.1303624732        0.1866043353       0.03176198942
         29.20557426        0.1306696038        0.1866491905       0.03177448888
         29.22540178        0.1309762952         0.186694306       0.03178705689
         29.24522929        0.1312825435        0.1867396879       0.03179969319
         29.26505681        0.1315883453        0.1867853425       0.03181239754
         29.28488433        0.1318936968        0.1868312758       0.03182516969
         29.30471184        0.1321985946        0.1868774939       0.03183800939
         29.32453936        0.1325030349         0.186924003       0.03185091637
         29.34436687        0.1328070144        0.1869708093       0.03186389037
         29.36419439        0.1331105293        0.1870179188       0.03187693111
          29.3840219        0.1334135764        0.1870653376       0.03189003833
         29.40384942         0.133716152        0.1871130717       0.03190321174
         29.42367693        0.1340182527        0.1871611274       0.03191645106
         29.44350445         0.134319875        0.1872095106         0.031929756
         29.46333196        0.1346210157        0.1872582274       0.03194312627
         29.48315948        0.1349216712        0.1873072838       0.03195656156
           29.502987        0.1352218382        0.1873566858       0.03197006158
         29.52281451        0.1355215134        0.1874064394       0.03198362602
         29.54264203        0.1358206934        0.1874565506       0.03199725456
         29.56246954        0.1361193749        0.1875070254       0.03201094688
         29.58229706        0.1364175546        0.1875578696       0.03202470268
         29.60212457        0.1367152293        0.1876090892       0.03203852161
         29.62195209        0.1370123958          0.18766069       0.03205240336
          29.6417796        0.1373090507        0.1877126781       0.03206634758
         29.66160712        0.1376051909        0.1877650591       0.03208035394
         29.68143463        0.1379008133        0.1878178389        0.0320944221
         29.70126215        0.1381959146        0.1878710234        0.0321085517
         29.72108966        0.1384904917        0.1879246182       0.03212274239
         29.74091718        0.1387845415        0.1879786291       0.03213699382
          29.7607447        0.1390780608        0.1880330619       0.03215130562
         29.78057221        0.1393710467        0.1880879222       0.03216567745
         29.80039973        0.1396634959        0.1881432157       0.03218010893
         29.82022724        0.1399554056        0.1881989479       0.03219459973
         29.84005476        0.1402467725        0.1882551246       0.03220914951
         29.85988227        0.1405375938        0.1883117512       0.03222375793
         29.87970979        0.1408278664        0.1883688333       0.03223842468
          29.8995373        0.1411175874        0.1884263764       0.03225314943
         29.91936482        0.1414067538        0.1884843859       0.03226793187
         29.93919233        0.1416953625        0.1885428673        0.0322827717
         29.95901985        0.1419834108         0.188601826       0.03229766862
         29.97884736        0.1422708957        0.1886612672       0.03231262234
         29.99867488        0.1425578143        0.1887211964       0.03232763256
          30.0185024        0.1428441637        0.1887816187       0.03234269903
         30.03832991        0.1431299411        0.1888425395       0.03235782145
         30.05815743        0.1434151435        0.1889039639       0.03237299956
         30.07798494        0.1436997682         0.188965897        0.0323882331
         30.09781246        0.1439838123        0.1890283441       0.03240352181
         30.11763997        0.1442672731        0.1890913101       0.03241886544
         30.13746749        0.1445501477           0.1891548       0.03243426375
           30.157295        0.1448324333         0.189218819       0.03244971649
         30.17712252        0.1451141272        0.1892833718       0.03246522343
         30.19695003        0.1453952266        0.1893484635       0.03248078433
         30.21677755        0.1456757287        0.1894140987       0.03249639898
         30.23660507        0.1459556309        0.1894802824       0.03251206715
         30.25643258        0.1462349303        0.1895470193       0.03252778862
          30.2762601        0.1465136243        0.1896143141       0.03254356318
         30.29608761        0.1467917102        0.1896821714       0.03255939063
         30.31591513        0.1470691853        0.1897505959       0.03257527076
         30.33574264        0.1473460469         0.189819592       0.03259120336
         30.35557016        0.1476222924        0.1898891643       0.03260718825
         30.37539767         0.147897919        0.1899593172       0.03262322524
         30.39522519        0.1481729241        0.1900300552       0.03263931413
          30.4150527        0.1484473052        0.1901013826       0.03265545474
         30.43488022        0.1487210595        0.1901733036       0.03267164689
         30.45470773        0.1489941845        0.1902458226       0.03268789041
         30.47453525        0.1492666776        0.1903189438       0.03270418512
         30.49436277        0.1495385361        0.1903926712       0.03272053084
         30.51419028        0.1498097575        0.1904670091       0.03273692742
          30.5340178        0.1500803392        0.1905419613       0.03275337469
         30.55384531        0.1503502786         0.190617532       0.03276987249
         30.57367283        0.1506195732         0.190693725       0.03278642066
         30.59350034        0.1508882203        0.1907705443       0.03280301904
         30.61332786        0.1511562175        0.1908479936       0.03281966748
         30.63315537        0.1514235621        0.1909260768       0.03283636584
         30.65298289        0.1516902517        0.1910047975       0.03285311396
          30.6728104        0.1519562836        0.1910841594        0.0328699117
         30.69263792        0.1522216554        0.1911641662       0.03288675892
         30.71246543        0.1524863645        0.1912448212       0.03290365547
         30.73229295        0.1527504083         0.191326128       0.03292060122
         30.75212047        0.1530137844        0.1914080901       0.03293759603
         30.77194798        0.1532764901        0.1914907107       0.03295463978
          30.7917755         0.153538523        0.1915739933       0.03297173231
         30.81160301        0.1537998805        0.1916579409       0.03298887351
         30.83143053        0.1540605601        0.1917425568       0.03300606325
         30.85125804        0.1543205592        0.1918278441       0.03302330139
         30.87108556        0.1545798753        0.1919138058       0.03304058782
         30.89091307        0.1548385059        0.1920004449       0.03305792241
         30.91074059        0.1550964484        0.1920877644       0.03307530503
          30.9305681        0.1553537002         0.192175767       0.03309273556
         30.95039562        0.1556102587        0.1922644556        0.0331102139
         30.97022313        0.1558661215        0.1923538328        0.0331277399
         30.99005065        0.1561212859        0.1924439014       0.03314531347
         31.00987817        0.1563757494        0.1925346638       0.03316293448
         31.02970568        0.1566295094        0.1926261227       0.03318060281
          31.0495332        0.1568825632        0.1927182804       0.03319831835
         31.06936071        0.1571349082        0.1928111393       0.03321608099
         31.08918823        0.1573865419        0.1929047017       0.03323389062
         31.10901574        0.1576374616        0.1929989699       0.03325174711
         31.12884326        0.1578876646        0.1930939461       0.03326965036
         31.14867077        0.1581371483        0.1931896322       0.03328760026
         31.16849829          0.15838591        0.1932860303       0.03330559669
          31.1883258        0.1586339471        0.1933831424       0.03332363955
         31.20815332        0.1588812568        0.1934809703       0.03334172872
         31.22798084        0.1591278364        0.1935795158        0.0333598641
         31.24780835        0.1593736833        0.1936787806       0.03337804557
         31.26763587         0.159618795        0.1937787665       0.03339627303
         31.28746338         0.159863169        0.1938794748       0.03341454637
          31.3072909        0.1601068029        0.1939809072       0.03343286547
         31.32711841        0.1603496944         0.194083065       0.03345123023
         31.34694593        0.1605918413        0.1941859496       0.03346964053
         31.36677344        0.1608332414        0.1942895623       0.03348809628
         31.38660096        0.1610738926        0.1943939041       0.03350659735
         31.40642847        0.1613137929        0.1944989762       0.03352514364
         31.42625599        0.1615529403        0.1946047797       0.03354373504
          31.4460835        0.1617913328        0.1947113154       0.03356237143
         31.46591102        0.1620289687        0.1948185842       0.03358105271
         31.48573854        0.1622658462        0.1949265869       0.03359977877
         31.50556605        0.1625019637        0.1950353241       0.03361854949
         31.52539357        0.1627373198        0.1951447966       0.03363736475
         31.54522108        0.1629719131        0.1952550047       0.03365622446
          31.5650486        0.1632057426         0.195365949       0.03367512849
         31.58487611         0.163438807        0.1954776298       0.03369407672
         31.60470363        0.1636711055        0.1955900473       0.03371306905
         31.62453114        0.1639026373        0.1957032018       0.03373210536
         31.64435866        0.1641334017        0.1958170933       0.03375118552
         31.66418617        0.1643633981        0.1959317218       0.03377030943
         31.68401369        0.1645926262        0.1960470874       0.03378947697
          31.7038412        0.1648210855        0.1961631898         0.033808688
         31.72366872         0.165048776        0.1962800287       0.03382794243
         31.74349624        0.1652756974        0.1963976038       0.03384724011
         31.76332375          0.16550185        0.1965159147       0.03386658094
         31.78315127        0.1657272339        0.1966349609       0.03388596478
         31.80297878        0.1659518493        0.1967547417       0.03390539151
          31.8228063        0.1661756966        0.1968752565       0.03392486101
         31.84263381        0.1663987764        0.1969965044       0.03394437315
         31.86246133        0.1666210893        0.1971184846       0.03396392779
         31.88228884        0.1668426359        0.1972411961       0.03398352482
         31.90211636        0.1670634173        0.1973646377        0.0340031641
         31.92194387        0.1672834342        0.1974888084       0.03402284549
         31.94177139        0.1675026878        0.1976137069       0.03404256887
          31.9615989        0.1677211792        0.1977393317       0.03406233409
         31.98142642        0.1679389097        0.1978656816       0.03408214102
         32.00125394        0.1681558807        0.1979927548       0.03410198953
         32.02108145        0.1683720937        0.1981205498       0.03412187947
         32.04090897        0.1685875501        0.1982490648       0.03414181071
         32.06073648        0.1688022518        0.1983782979       0.03416178309
           32.080564        0.1690162005        0.1985082473       0.03418179648
         32.10039151         0.169229398        0.1986389109       0.03420185073
         32.12021903        0.1694418464        0.1987702866       0.03422194568
         32.14004654        0.1696535476        0.1989023722       0.03424208121
         32.15987406        0.1698645039        0.1990351655       0.03426225714
         32.17970157        0.1700747175        0.1991686643       0.03428247333
         32.19952909        0.1702841908        0.1993028662       0.03430272963
         32.21935661        0.1704929261         0.199437769       0.03432302588
         32.23918412        0.1707009261        0.1995733701       0.03434336192
         32.25901164        0.1709081933        0.1997096672       0.03436373759
         32.27883915        0.1711147303        0.1998466577       0.03438415273
         32.29866667        0.1713205401        0.1999843391       0.03440460718
         32.31849418        0.1715256254        0.2001227087       0.03442510077
          32.3383217        0.1717299893         0.200261764       0.03444563334
         32.35814921        0.1719336347        0.2004015021       0.03446620471
         32.37797673        0.1721365647        0.2005419204       0.03448681472
         32.39780424        0.1723387827        0.2006830161       0.03450746319
         32.41763176        0.1725402917        0.2008247863       0.03452814996
         32.43745927        0.1727410952        0.2009672281       0.03454887483
         32.45728679        0.1729411965        0.2011103385       0.03456963764
         32.47711431        0.1731405993        0.2012541146        0.0345904382
         32.49694182         0.173339307        0.2013985534       0.03461127634
         32.51676934        0.1735373233        0.2015436517       0.03463215186
         32.53659685         0.173734652        0.2016894064       0.03465306458
         32.55642437        0.1739312967        0.2018358143       0.03467401432
         32.57625188        0.1741272613        0.2019828722       0.03469500088
          32.5960794        0.1743225499        0.2021305769       0.03471602407
         32.61590691        0.1745171662        0.2022789249       0.03473708369
         32.63573443        0.1747111145         0.202427913       0.03475817956
         32.65556194        0.1749043987        0.2025775378       0.03477931146
         32.67538946        0.1750970232        0.2027277957       0.03480047921
         32.69521697         0.175288992        0.2028786833        0.0348216826
         32.71504449        0.1754803096         0.203030197       0.03484292142
         32.73487201        0.1756709802        0.2031823333       0.03486419546
         32.75469952        0.1758610083        0.2033350884       0.03488550453
         32.77452704        0.1760503983        0.2034884588        0.0349068484
         32.79435455        0.1762391547        0.2036424407       0.03492822687
         32.81418207        0.1764272822        0.2037970303       0.03494963972
         32.83400958        0.1766147854        0.2039522239       0.03497108673
          32.8538371        0.1768016689        0.2041080175       0.03499256768
         32.87366461        0.1769879374        0.2042644073       0.03501408236
         32.89349213        0.1771735958        0.2044213894       0.03503563054
         32.91331964        0.1773586489        0.2045789598       0.03505721199
         32.93314716        0.1775431014        0.2047371143       0.03507882648
         32.95297467        0.1777269584        0.2048958491        0.0351004738
         32.97280219        0.1779102248          0.20505516        0.0351221537
         32.99262971        0.1780929057        0.2052150428       0.03514386595
         33.01245722        0.1782750059        0.2053754934       0.03516561031
         33.03228474        0.1784565306        0.2055365074       0.03518738656
         33.05211225         0.178637485        0.2056980808       0.03520919444
         33.07193977        0.1788178742        0.2058602091       0.03523103372
         33.09176728        0.1789977034        0.2060228881       0.03525290415
          33.1115948        0.1791769777        0.2061861133       0.03527480549
         33.13142231        0.1793557025        0.2063498803       0.03529673749
         33.15124983        0.1795338831        0.2065141847       0.03531869989
         33.17107734        0.1797115247        0.2066790219       0.03534069245
         33.19090486        0.1798886328        0.2068443875       0.03536271491
         33.21073238        0.1800652126        0.2070102768       0.03538476701
         33.23055989        0.1802412697        0.2071766853       0.03540684851
         33.25038741        0.1804168094        0.2073436082       0.03542895913
         33.27021492        0.1805918372         0.207511041       0.03545109861
         33.29004244        0.1807663585        0.2076789789       0.03547326669
         33.30986995        0.1809403789        0.2078474171       0.03549546311
         33.32969747        0.1811139038        0.2080163509        0.0355176876
         33.34952498        0.1812869389        0.2081857755       0.03553993988
          33.3693525        0.1814594896        0.2083556859       0.03556221968
         33.38918001        0.1816315616        0.2085260772       0.03558452673
         33.40900753        0.1818031604        0.2086969447       0.03560686076
         33.42883504        0.1819742917        0.2088682832       0.03562922148
         33.44866256         0.182144961        0.2090400878       0.03565160862
         33.46849008        0.1823151742        0.2092123535        0.0356740219
         33.48831759        0.1824849367        0.2093850752       0.03569646102
         33.50814511        0.1826542545        0.2095582479       0.03571892572
         33.52797262        0.1828231331        0.2097318663       0.03574141569
         33.54780014        0.1829915782        0.2099059254       0.03576393065
         33.56762765        0.1831595958        0.2100804199       0.03578647031
         33.58745517        0.1833271914        0.2102553447       0.03580903438
         33.60728268         0.183494371        0.2104306944       0.03583162256
          33.6271102        0.1836611402        0.2106064639       0.03585423455
         33.64693771        0.1838275049        0.2107826478       0.03587687007
         33.66676523        0.1839934709        0.2109592408        0.0358995288
         33.68659274         0.184159044        0.2111362375       0.03592221045
         33.70642026          0.18432423        0.2113136324       0.03594491472
         33.72624778        0.1844890347        0.2114914203       0.03596764129
         33.74607529         0.184653464        0.2116695957       0.03599038987
         33.76590281        0.1848175236         0.211848153       0.03601316015
         33.78573032        0.1849812195        0.2120270868       0.03603595181
         33.80555784        0.1851445574        0.2122063915       0.03605876455
         33.82538535        0.1853075432        0.2123860616       0.03608159805
         33.84521287        0.1854701827        0.2125660915         0.036104452
         33.86504038        0.1856324818        0.2127464756       0.03612732608
          33.8848679        0.1857944461        0.2129272083       0.03615021998
         33.90469541        0.1859560816        0.2131082839       0.03617313337
         33.92452293         0.186117394        0.2132896967       0.03619606594
         33.94435044        0.1862783892        0.2134714411       0.03621901737
         33.96417796        0.1864390728        0.2136535112       0.03624198732
         33.98400548        0.1865994508        0.2138359014       0.03626497549
         34.00383299        0.1867595287        0.2140186059       0.03628798153
         34.02366051        0.1869193124        0.2142016189       0.03631100513
         34.04348802        0.1870788076        0.2143849345       0.03633404595
         34.06331554          0.18723802         0.214568547       0.03635710367
         34.08314305        0.1873969552        0.2147524505       0.03638017795
         34.10297057         0.187555619         0.214936639       0.03640326846
         34.12279808         0.187714017        0.2151211068       0.03642637487
          34.1426256        0.1878721547        0.2153058478       0.03644949684
         34.16245311        0.1880300379        0.2154908562       0.03647263404
         34.18228063         0.188187672         0.215676126       0.03649578612
         34.20210815        0.1883450628        0.2158616512       0.03651895276
         34.22193566        0.1885022157        0.2160474258       0.03654213361
         34.24176318        0.1886591364        0.2162334438       0.03656532832
         34.26159069        0.1888158304        0.2164196992       0.03658853657
         34.28141821        0.1889723033         0.216606186         0.036611758
         34.30124572        0.1891285606         0.216792898       0.03663499227
         34.32107324        0.1892846078        0.2169798293       0.03665823903
         34.34090075        0.1894404504        0.2171669736       0.03668149795
         34.36072827        0.1895960941         0.217354325       0.03670476866
         34.38055578        0.1897515443        0.2175418773       0.03672805084
          34.4003833        0.1899068066        0.2177296243       0.03675134412
         34.42021081        0.1900618868          0.21791756       0.03677464815
         34.44003833        0.1902167905        0.2181056781        0.0367979626
         34.45986585        0.1903715234        0.2182939724       0.03682128709
         34.47969336        0.1905260913        0.2184824369        0.0368446213
         34.49952088           0.1906805        0.2186710652       0.03686796485
         34.51934839        0.1908347554        0.2188598513        0.0368913174
         34.53917591        0.1909888632        0.2190487888       0.03691467859
         34.55900342        0.1911428293        0.2192378715       0.03693804806
         34.57883094        0.1912966597        0.2194270932       0.03696142547
         34.59865845        0.1914503603        0.2196164477       0.03698481046
         34.61848597         0.191603937        0.2198059286       0.03700820267
         34.63831348        0.1917573959        0.2199955298       0.03703160173
           34.658141        0.1919107431        0.2201852449        0.0370550073
         34.67796851        0.1920639846        0.2203750676       0.03707841902
         34.69779603        0.1922171264        0.2205649917       0.03710183652
         34.71762355        0.1923701748        0.2207550108       0.03712525945
         34.73745106        0.1925231359        0.2209451187       0.03714868744
         34.75727858        0.1926760158         0.221135309       0.03717212014
         34.77710609        0.1928288207        0.2213255754       0.03719555719
         34.79693361        0.1929815569        0.2215159117       0.03721899822
         34.81676112        0.1931342306        0.2217063113       0.03724244288
         34.83658864        0.1932868479        0.2218967681        0.0372658908
         34.85641615        0.1934394151        0.2220872757       0.03728934162
         34.87624367        0.1935919385        0.2222778278       0.03731279498
         34.89607118        0.1937444243         0.222468418       0.03733625051
          34.9158987        0.1938968788        0.2226590399       0.03735970786
         34.93572621        0.1940493083        0.2228496872       0.03738316666
         34.95555373        0.1942017189        0.2230403536       0.03740662654
         34.97538125         0.194354117        0.2232310327       0.03743008716
         34.99520876        0.1945065089        0.2234217181       0.03745354813
