  15.1676933607      0
  16.4353182752      2
  17.5989048597      0
  17.9876796715      0
  18.3518138261      0
  18.4722792608      0
  18.5598904860      0
  18.6310746064      0
  18.6584531143      0
  18.6748802190      0
  18.6830937714      0
  18.7104722793      0
  18.8583162218      0
  18.8747433265      0
  18.9130732375      0
  18.9212867899      0
  18.9404517454      0
  18.9459274470      2
  18.9541409993      0
  18.9541409993      0
  18.9952087611      0
  19.0006844627      0
  19.0088980151      0
  19.0171115674      0
  19.0691307324      0
  19.1074606434      0
  19.1156741958      0
  19.1457905544      0
  19.1622176591      2
  19.1731690623      0
  19.2334017796      0
  19.2416153320      0
  19.2416153320      0
  19.2498288843      0
  19.2525667351      0
  19.2580424367      0
  19.3045859001      0
  19.3155373032      0
  19.3401779603      0
  19.3401779603      0
  19.3429158111      2
  19.3429158111      0
  19.3483915127      0
  19.3620807666      2
  19.3648186174      0
  19.3757700205      0
  19.3785078713      0
  19.3812457221      0
  19.3894592745      0
  19.3921971253      0
  19.3949349760      2
  19.4058863792      0
  19.4140999316      0
  19.4387405886      0
  19.4743326489      0
  19.4934976044      2
  19.4962354552      2
  19.5071868583      0
  19.5181382615      0
  19.5208761123      2
  19.5345653662      0
  19.5482546201      2
  19.5838466804      0
  19.6002737851      0
  19.6221765914      0
  19.6249144422      2
  19.6331279945      0
  19.6769336071      0
  19.6906228611      2
  19.7070499658      0
  19.7125256674      0
  19.7207392197      2
  19.7453798768      0
  19.7590691307      0
  19.7672826831      0
  19.7782340862      0
  19.7837097878      0
  19.7919233402      0
  19.8028747433      3
  19.8165639973      2
  19.8193018480      0
  19.8193018480      0
  19.8220396988      0
  19.8329911020      0
  19.8357289528      0
  19.8412046543      0
  19.8466803559      2
  19.8494182067      0
  19.8795345654      2
  19.8822724162      0
  19.8904859685      0
  19.9014373717      0
  19.9014373717      0
  19.9041752225      0
  19.9041752225      0
  19.9096509240      0
  19.9233401780      0
  19.9260780287      0
  19.9315537303      0
  19.9315537303      0
  19.9397672827      0
  19.9452429843      3
  19.9589322382      0
  19.9616700890      0
  19.9671457906      0
  19.9726214921      0
  19.9753593429      0
  19.9835728953      0
  19.9835728953      0
  19.9835728953      0
  19.9917864476      0
  20.0000000000      1
  20.0054757016      0
  20.0328542094      0
  20.0355920602      0
  20.0383299110      3
  20.0520191650      0
  20.0574948665      0
  20.0602327173      0
  20.0684462697      0
  20.0739219713      0
  20.0766598220      2
  20.0793976728      0
  20.0821355236      3
  20.0821355236      0
  20.0848733744      0
  20.0903490760      2
  20.1149897331      3
  20.1177275838      0
  20.1177275838      0
  20.1314168378      0
  20.1341546886      0
  20.1478439425      2
  20.1560574949      0
  20.1587953457      0
  20.1752224504      0
  20.1806981520      0
  20.1806981520      0
  20.1834360027      2
  20.1889117043      0
  20.1998631075      0
  20.2053388090      0
  20.2135523614      0
  20.2217659138      0
  20.2327173169      0
  20.2464065708      0
  20.2464065708      0
  20.2491444216      0
  20.2518822724      2
  20.2902121834      2
  20.2956878850      0
  20.3039014374      2
  20.3066392882      0
  20.3394934976      0
  20.3449691992      0
  20.3449691992      0
  20.3477070500      0
  20.3641341547      0
  20.3641341547      0
  20.3696098563      0
  20.3750855578      0
  20.3832991102      0
  20.4079397673      2
  20.4134154689      0
  20.4188911704      3
  20.4188911704      0
  20.4298425736      2
  20.4325804244      0
  20.4353182752      0
  20.4490075291      0
  20.4599589322      0
  20.4599589322      2
  20.4599589322      0
  20.4626967830      2
  20.4681724846      0
  20.4709103354      0
  20.4736481862      3
  20.4763860370      2
  20.4845995893      0
  20.4900752909      0
  20.4955509925      2
  20.4982888433      0
  20.5147159480      0
  20.5174537988      0
  20.5256673511      0
  20.5256673511      0
  20.5284052019      0
  20.5284052019      0
  20.5366187543      0
  20.5612594114      0
  20.5639972621      0
  20.5667351129      3
  20.5749486653      0
  20.5831622177      2
  20.5941136208      0
  20.5968514716      2
  20.6023271732      0
  20.6023271732      1
  20.6050650240      0
  20.6214921287      2
  20.6406570842      0
  20.6570841889      3
  20.6680355921      2
  20.6707734428      0
  20.6762491444      0
  20.6762491444      0
  20.6789869952      0
  20.6981519507      0
  20.6981519507      0
  20.7036276523      0
  20.7255304586      0
  20.7310061602      0
  20.7364818617      0
  20.7474332649      2
  20.7529089665      0
  20.7529089665      2
  20.7556468172      0
  20.7665982204      0
  20.7693360712      0
  20.7720739220      0
  20.7802874743      0
  20.8049281314      0
  20.8049281314      0
  20.8104038330      0
  20.8104038330      0
  20.8295687885      0
  20.8377823409      0
  20.8542094456      0
  20.8624229979      2
  20.8651608487      0
  20.8733744011      0
  20.8733744011      2
  20.8898015058      0
  20.8952772074      0
  20.8980150582      0
  20.9034907598      0
  20.9144421629      0
  20.9171800137      0
  20.9199178645      0
  20.9418206708      2
  20.9445585216      0
  20.9555099247      0
  20.9609856263      0
  20.9746748802      0
  20.9774127310      0
  20.9911019849      0
  21.0130047912      0
  21.0266940452      0
  21.0349075975      0
  21.0431211499      0
  21.0458590007      0
  21.0513347023      0
  21.0540725530      2
  21.0595482546      0
  21.0841889117      0
  21.0869267625      3
  21.0869267625      0
  21.0869267625      0
  21.0869267625      0
  21.0924024641      0
  21.0978781656      0
  21.1060917180      0
  21.1088295688      0
  21.1279945243      0
  21.1362080767      0
  21.1389459274      0
  21.1553730322      0
  21.1608487337      0
  21.1690622861      0
  21.1745379877      0
  21.1772758385      0
  21.1854893908      0
  21.1937029432      2
  21.2128678987      0
  21.2238193018      0
  21.2292950034      0
  21.2292950034      0
  21.2292950034      2
  21.2402464066      0
  21.2511978097      0
  21.2539356605      0
  21.2758384668      0
  21.2758384668      2
  21.2867898700      0
  21.2895277207      0
  21.2895277207      0
  21.2922655715      0
  21.2977412731      0
  21.3004791239      0
  21.3032169747      0
  21.3086926762      2
  21.3141683778      0
  21.3305954825      2
  21.3333333333      0
  21.3360711841      2
  21.3360711841      0
  21.3415468857      0
  21.3470225873      0
  21.3524982888      0
  21.3552361396      0
  21.3579739904      0
  21.3744010951      0
  21.3798767967      0
  21.4017796030      0
  21.4127310062      0
  21.4209445585      0
  21.4236824093      0
  21.4483230664      0
  21.4674880219      0
  21.4948665298      0
  21.5058179329      0
  21.5277207392      0
  21.5304585900      2
  21.5441478439      0
  21.5523613963      2
  21.5605749487      0
  21.5633127995      0
  21.5687885010      0
  21.5742642026      2
  21.5879534565      0
  21.6016427105      2
  21.6235455168      0
  21.6290212183      0
  21.6344969199      0
  21.6454483231      0
  21.6509240246      0
  21.6591375770      0
  21.6700889802      0
  21.6810403833      0
  21.6865160849      2
  21.6892539357      0
  21.6919917864      0
  21.6947296372      0
  21.6974674880      2
  21.6974674880      0
  21.7056810404      0
  21.7056810404      0
  21.7138945927      0
  21.7385352498      0
  21.7412731006      0
  21.7522245038      0
  21.7741273101      0
  21.7850787132      0
  21.7878165640      2
  21.7960301164      0
  21.7987679671      2
  21.8316221766      0
  21.8370978782      0
  21.8425735797      0
  21.8535249829      0
  21.8726899384      0
  21.8781656400      0
  21.9164955510      0
  21.9520876112      0
  21.9657768652      0
  21.9739904175      0
  21.9849418207      1
  22.0177960301      0
  22.0369609856      0
  22.0369609856      0
  22.0424366872      0
  22.0506502396      0
  22.0506502396      0
  22.0506502396      0
  22.0670773443      2
  22.0698151951      0
  22.0807665982      2
  22.0862422998      0
  22.0889801506      0
  22.1081451061      3
  22.1081451061      0
  22.1190965092      2
  22.1327857632      0
  22.1355236140      0
  22.1519507187      0
  22.1629021218      0
  22.1820670773      2
  22.1902806297      0
  22.1957563313      2
  22.2094455852      0
  22.2340862423      2
  22.2340862423      0
  22.2422997947      0
  22.2450376454      2
  22.2477754962      3
  22.2751540041      0
  22.2806297057      0
  22.3244353183      0
  22.3737166324      0
  22.3928815880      0
  22.4038329911      2
  22.4175222450      0
  22.4202600958      0
  22.4229979466      3
  22.4229979466      0
  22.4257357974      3
  22.4284736482      0
  22.4312114990      0
  22.4366872005      0
  22.4366872005      0
  22.4421629021      2
  22.4613278576      0
  22.4613278576      0
  22.4722792608      0
  22.4914442163      0
  22.4914442163      2
  22.4941820671      0
  22.4941820671      0
  22.5160848734      0
  22.5215605749      0
  22.5297741273      0
  22.5325119781      0
  22.5598904860      0
  22.5708418891      0
  22.5927446954      0
  22.5927446954      0
  22.6146475017      0
  22.6310746064      2
  22.6365503080      0
  22.6365503080      0
  22.6475017112      0
  22.6529774127      2
  22.6721423682      0
  22.7624914442      0
  22.7624914442      2
  22.7652292950      0
  22.7707049966      0
  22.7734428474      0
  22.7816563997      0
  22.8008213552      0
  22.8172484600      0
  22.8199863107      2
  22.8281998631      0
  22.8336755647      2
  22.8418891170      0
  22.9212867899      0
  22.9267624914      0
  22.9322381930      0
  22.9322381930      0
  22.9514031485      0
  22.9541409993      0
  22.9678302533      0
  22.9678302533      2
  22.9705681040      0
  22.9815195072      0
  22.9869952088      0
  23.0034223135      2
  23.0088980151      0
  23.0198494182      0
  23.0253251198      0
  23.0390143737      0
  23.0444900753      0
  23.0527036277      0
  23.0554414784      0
  23.0773442847      0
  23.0882956879      0
  23.1101984942      0
  23.1293634497      0
  23.1540041068      0
  23.1759069131      1
  23.1841204654      0
  23.1923340178      0
  23.2306639288      0
  23.2498288843      1
  23.2525667351      3
  23.2662559890      0
  23.2717316906      2
  23.2854209446      0
  23.2963723477      0
  23.3073237509      0
  23.3073237509      0
  23.3182751540      0
  23.3210130048      0
  23.3319644079      2
  23.3347022587      0
  23.3456536619      0
  23.3511293634      0
  23.3675564682      0
  23.3730321697      0
  23.3757700205      0
  23.3812457221      0
  23.4332648871      0
  23.4524298426      0
  23.4551676934      0
  23.4606433949      2
  23.4715947981      0
  23.4934976044      0
  23.4934976044      0
  23.5044490075      0
  23.5099247091      2
  23.5154004107      0
  23.5181382615      0
  23.5318275154      3
  23.5373032170      0
  23.5373032170      1
  23.5400410678      3
  23.5455167693      3
  23.5619438741      0
  23.5619438741      0
  23.5728952772      2
  23.5865845311      0
  23.5920602327      0
  23.5975359343      1
  23.6221765914      0
  23.6276522929      2
  23.6468172485      0
  23.6550308008      0
  23.6769336071      2
  23.6933607118      0
  23.6933607118      1
  23.7015742642      0
  23.7125256674      0
  23.7180013689      0
  23.7180013689      0
  23.7316906229      0
  23.7371663244      0
  23.7371663244      0
  23.7727583847      0
  23.7973990418      0
  23.8028747433      0
  23.8165639973      2
  23.8247775496      1
  23.8275154004      0
  23.8275154004      2
  23.8329911020      0
  23.8412046543      0
  23.8466803559      2
  23.8521560575      0
  23.8658453114      0
  23.9178644764      2
  23.9397672827      1
  23.9452429843      0
  23.9917864476      0
  23.9945242984      0
  24.0000000000      2
  24.0000000000      0
  24.0109514031      0
  24.0109514031      0
  24.0191649555      0
  24.0273785079      0
  24.0410677618      0
  24.0438056126      0
  24.0465434634      2
  24.0684462697      2
  24.0711841205      2
  24.0793976728      0
  24.0876112252      0
  24.0903490760      0
  24.0958247775      0
  24.1013004791      0
  24.1478439425      0
  24.1478439425      0
  24.1533196441      2
  24.1533196441      0
  24.1533196441      2
  24.1560574949      0
  24.1560574949      0
  24.1642710472      0
  24.1670088980      2
  24.1670088980      1
  24.1724845996      0
  24.1834360027      2
  24.2080766598      0
  24.2299794661      0
  24.2327173169      0
  24.2436687201      0
  24.2546201232      0
  24.2628336756      0
  24.2628336756      2
  24.2683093771      0
  24.2874743326      0
  24.2984257358      0
  24.3039014374      0
  24.3175906913      0
  24.3230663929      2
  24.3258042437      0
  24.3559206023      0
  24.3559206023      0
  24.3696098563      1
  24.3915126626      0
  24.3915126626      0
  24.3997262149      0
  24.4024640657      2
  24.4052019165      0
  24.4079397673      0
  24.4407939767      0
  24.4462696783      0
  24.4517453799      0
  24.4599589322      0
  24.4709103354      0
  24.5229295003      0
  24.5256673511      1
  24.5420944559      2
  24.5420944559      0
  24.5475701574      2
  24.5612594114      0
  24.5639972621      0
  24.5804243669      3
  24.6078028747      0
  24.6160164271      0
  24.6160164271      0
  24.6187542779      2
  24.6351813826      0
  24.6406570842      0
  24.6625598905      0
  24.6652977413      2
  24.6680355921      0
  24.6789869952      0
  24.6844626968      0
  24.7501711157      0
  24.7583846680      2
  24.7638603696      0
  24.7665982204      2
  24.7720739220      0
  24.7775496235      0
  24.7939767283      2
  24.8104038330      0
  24.8186173854      0
  24.8213552361      0
  24.8459958932      2
  24.8596851472      0
  24.8678986995      0
  24.8925393566      0
  24.9034907598      0
  24.9034907598      0
  24.9089664613      2
  24.9089664613      0
  24.9199178645      0
  24.9445585216      0
  24.9582477755      0
  24.9691991786      0
  24.9691991786      0
  24.9911019849      2
  25.0047912389      0
  25.0075290897      0
  25.0212183436      0
  25.0376454483      2
  25.0431211499      2
  25.0458590007      0
  25.0485968515      0
  25.0513347023      2
  25.0732375086      2
  25.0787132101      2
  25.0869267625      2
  25.0896646133      2
  25.0924024641      1
  25.0924024641      0
  25.0951403149      0
  25.0951403149      0
  25.1033538672      0
  25.1197809719      0
  25.1362080767      0
  25.1608487337      0
  25.1663244353      0
  25.1745379877      0
  25.1745379877      0
  25.2265571526      3
  25.2429842574      0
  25.2594113621      1
  25.2621492129      0
  25.2950034223      2
  25.3223819302      0
  25.3278576318      0
  25.3388090349      3
  25.3442847365      0
  25.4099931554      0
  25.4401095140      1
  25.4428473648      2
  25.4565366188      0
  25.4647501711      0
  25.4757015743      0
  25.4757015743      2
  25.4839151266      0
  25.4866529774      0
  25.4921286790      0
  25.5003422313      0
  25.5140314853      0
  25.5277207392      0
  25.5277207392      0
  25.5331964408      0
  25.5386721424      0
  25.5441478439      2
  25.5824777550      2
  25.5879534565      0
  25.5989048597      0
  25.6153319644      2
  25.6153319644      0
  25.6180698152      1
  25.6427104723      0
  25.6536618754      2
  25.6755646817      0
  25.6755646817      2
  25.6892539357      2
  25.6947296372      2
  25.7221081451      0
  25.7522245038      0
  25.7604380561      0
  25.7713894593      0
  25.7713894593      0
  25.7905544148      0
  25.8042436687      0
  25.8206707734      0
  25.8370978782      0
  25.8370978782      0
  25.8480492813      2
  25.8863791923      3
  25.9028062971      0
  25.9028062971      2
  25.9137577002      0
  25.9301848049      0
  25.9411362081      0
  25.9685147159      1
  25.9712525667      1
  25.9794661191      0
  25.9876796715      2
  25.9986310746      0
  26.0123203285      0
  26.0123203285      0
  26.0205338809      0
  26.0314852841      2
  26.0424366872      2
  26.0862422998      0
  26.1054072553      0
  26.1108829569      0
  26.1245722108      0
  26.1355236140      0
  26.1355236140      0
  26.1492128679      0
  26.1574264203      0
  26.1875427789      0
  26.1957563313      0
  26.2012320329      0
  26.2505133470      0
  26.2532511978      0
  26.2642026010      0
  26.2642026010      0
  26.2669404517      3
  26.2696783025      0
  26.2778918549      1
  26.2806297057      2
  26.3216974675      0
  26.3381245722      0
  26.3518138261      2
  26.3518138261      3
  26.3627652293      0
  26.3627652293      0
  26.3655030801      1
  26.3791923340      2
  26.4038329911      0
  26.4449007529      0
  26.4668035592      0
  26.4914442163      2
  26.4996577687      2
  26.5160848734      3
  26.5352498289      0
  26.5434633812      0
  26.5462012320      0
  26.5763175907      0
  26.5954825462      0
  26.5954825462      0
  26.6064339493      0
  26.6146475017      0
  26.6173853525      0
  26.6447638604      0
  26.6475017112      0
  26.6502395619      2
  26.6666666667      1
  26.6776180698      0
  26.6776180698      2
  26.6830937714      2
  26.7022587269      0
  26.7570157426      0
  26.7570157426      2
  26.7652292950      0
  26.7652292950      0
  26.8008213552      0
  26.8008213552      0
  26.8473648186      0
  26.8501026694      0
  26.8501026694      0
  26.8501026694      1
  26.8555783710      0
  26.8637919233      1
  26.8665297741      0
  26.8665297741      0
  26.8993839836      0
  26.9048596851      0
  26.9404517454      2
  26.9431895962      2
  26.9431895962      2
  26.9459274470      0
  26.9459274470      2
  26.9514031485      0
  26.9541409993      0
  26.9623545517      0
  26.9979466119      2
  27.0061601643      0
  27.0198494182      0
  27.0198494182      0
  27.0472279261      0
  27.0882956879      0
  27.0910335387      0
  27.1019849418      1
  27.1074606434      2
  27.1074606434      0
  27.1101984942      0
  27.1129363450      0
  27.1211498973      0
  27.1704312115      0
  27.1923340178      0
  27.2032854209      2
  27.2087611225      1
  27.2334017796      2
  27.2525667351      2
  27.2580424367      0
  27.2717316906      2
  27.2717316906      0
  27.3100616016      0
  27.3237508556      2
  27.3264887064      0
  27.3292265572      2
  27.3292265572      0
  27.3292265572      0
  27.3648186174      0
  27.3702943190      0
  27.3812457221      0
  27.3976728268      0
  27.4004106776      0
  27.4031485284      1
  27.4086242300      2
  27.4113620808      0
  27.4113620808      0
  27.4140999316      0
  27.4387405886      0
  27.4496919918      0
  27.4798083504      1
  27.4880219028      0
  27.4934976044      0
  27.4989733060      0
  27.5071868583      0
  27.5208761123      0
  27.5290896646      0
  27.5427789185      1
  27.5455167693      0
  27.5619438741      0
  27.5811088296      0
  27.5893223819      0
  27.5920602327      2
  27.5947980835      0
  27.6167008898      0
  27.6194387406      1
  27.6276522929      0
  27.6386036961      0
  27.6495550992      0
  27.6495550992      1
  27.6550308008      0
  27.6632443532      0
  27.6988364134      0
  27.7152635181      0
  27.7234770705      0
  27.7234770705      0
  27.7891854894      0
  27.8110882957      3
  27.8275154004      2
  27.8439425051      2
  27.8603696099      1
  27.8685831622      0
  27.8932238193      0
  27.8986995209      2
  27.9096509240      0
  27.9260780287      1
  27.9288158795      0
  27.9589322382      2
  27.9671457906      2
  27.9671457906      2
  27.9945242984      1
  28.0109514031      0
  28.0191649555      0
  28.0383299110      0
  28.0438056126      0
  28.0520191650      3
  28.0602327173      0
  28.0629705681      1
  28.0821355236      0
  28.1396303901      0
  28.1478439425      0
  28.1752224504      1
  28.1889117043      0
  28.1943874059      2
  28.2245037645      0
  28.2299794661      0
  28.2518822724      0
  28.2600958248      1
  28.2655715264      0
  28.2929500342      0
  28.2956878850      1
  28.2984257358      0
  28.3477070500      1
  28.3477070500      1
  28.3559206023      0
  28.3641341547      2
  28.3805612594      0
  28.3832991102      0
  28.3915126626      1
  28.4024640657      2
  28.4052019165      0
  28.4052019165      2
  28.4052019165      1
  28.4161533196      0
  28.4298425736      2
  28.4353182752      0
  28.4517453799      0
  28.4544832307      0
  28.4626967830      0
  28.4818617385      1
  28.4900752909      0
  28.4900752909      0
  28.4982888433      0
  28.5010266940      1
  28.5174537988      2
  28.5284052019      1
  28.5448323066      0
  28.5503080082      0
  28.5639972621      0
  28.5667351129      0
  28.5776865161      0
  28.5776865161      0
  28.5886379192      0
  28.5995893224      3
  28.6351813826      0
  28.6516084873      0
  28.6543463381      0
  28.6625598905      2
  28.6680355921      2
  28.6789869952      2
  28.7419575633      0
  28.7474332649      2
  28.7693360712      3
  28.7720739220      0
  28.7748117728      0
  28.7802874743      0
  28.7994524298      2
  28.8186173854      0
  28.8432580424      0
  28.8487337440      0
  28.8514715948      0
  28.8569472964      0
  28.8569472964      0
  28.8596851472      2
  28.8925393566      1
  28.9199178645      0
  28.9281314168      2
  28.9472963723      0
  28.9500342231      0
  28.9500342231      2
  28.9719370294      0
  28.9856262834      0
  28.9856262834      0
  28.9938398357      0
  29.0102669405      0
  29.0102669405      0
  29.0294318960      2
  29.0349075975      2
  29.0376454483      0
  29.0403832991      2
  29.0403832991      1
  29.0403832991      0
  29.0540725530      0
  29.0568104038      1
  29.0595482546      0
  29.0978781656      1
  29.1197809719      0
  29.1334702259      2
  29.1389459274      0
  29.1581108830      0
  29.1690622861      0
  29.1854893908      0
  29.1854893908      0
  29.1854893908      0
  29.1909650924      2
  29.2019164956      0
  29.2265571526      2
  29.2265571526      2
  29.2265571526      1
  29.2292950034      3
  29.2320328542      0
  29.2375085558      1
  29.2566735113      0
  29.2621492129      0
  29.2840520192      0
  29.3086926762      1
  29.3169062286      0
  29.3223819302      0
  29.3251197810      0
  29.3388090349      0
  29.3415468857      3
  29.3524982888      2
  29.3579739904      1
  29.3798767967      0
  29.3826146475      0
  29.3853524983      0
  29.3880903491      2
  29.3990417522      0
  29.4045174538      0
  29.4072553046      2
  29.4154688569      0
  29.4455852156      0
  29.4510609172      0
  29.4510609172      0
  29.4620123203      0
  29.4729637235      0
  29.5304585900      1
  29.5496235455      0
  29.5578370979      0
  29.5633127995      0
  29.5715263518      0
  29.5797399042      0
  29.5852156057      0
  29.6016427105      1
  29.6125941136      0
  29.6262833676      0
  29.6618754278      0
  29.6728268309      0
  29.6919917864      0
  29.7221081451      0
  29.7330595483      2
  29.7440109514      0
  29.7768651608      0
  29.7850787132      1
  29.8151950719      0
  29.8316221766      0
  29.8425735797      1
  29.8562628337      0
  29.8562628337      2
  29.9028062971      0
  29.9466119097      0
  29.9603011636      3
  29.9630390144      0
  29.9657768652      0
  29.9739904175      0
  29.9904175222      2
  30.0123203285      0
  30.0260095825      2
  30.0260095825      0
  30.0314852841      0
  30.0451745380      0
  30.0725530459      2
  30.0917180014      1
  30.0944558522      0
  30.0944558522      0
  30.1054072553      2
  30.1437371663      0
  30.1519507187      0
  30.2039698836      0
  30.2313483915      2
  30.2669404517      0
  30.3080082136      0
  30.3244353183      0
  30.3655030801      0
  30.3655030801      0
  30.3846680356      2
  30.3983572895      0
  30.4093086927      0
  30.4147843943      0
  30.4257357974      0
  30.4394250513      0
  30.4421629021      0
  30.4476386037      0
  30.4750171116      0
  30.5023956194      0
  30.5051334702      0
  30.5160848734      0
  30.5297741273      0
  30.5352498289      1
  30.5379876797      0
  30.5462012320      3
  30.5653661875      2
  30.6064339493      0
  30.6091718001      1
  30.6228610541      0
  30.6338124572      1
  30.6557152635      1
  30.6611909651      0
  30.6639288159      1
  30.6885694730      0
  30.6913073238      2
  30.7296372348      2
  30.7761806982      0
  30.7789185489      1
  30.7871321013      2
  30.7926078029      2
  30.8035592060      0
  30.8199863107      2
  30.8281998631      0
  30.8418891170      2
  30.8637919233      2
  30.8637919233      1
  30.8665297741      0
  30.8747433265      0
  30.8802190281      0
  30.9295003422      0
  30.9431895962      2
  30.9459274470      2
  31.0280629706      1
  31.0663928816      0
  31.0663928816      1
  31.0663928816      0
  31.0746064339      2
  31.0800821355      2
  31.1019849418      1
  31.1047227926      0
  31.1238877481      1
  31.1293634497      0
  31.1567419576      0
  31.1841204654      0
  31.1868583162      2
  31.1950718686      0
  31.1978097194      0
  31.2251882272      0
  31.2416153320      0
  31.2607802875      0
  31.2744695414      1
  31.3018480493      1
  31.3045859001      2
  31.3045859001      0
  31.3045859001      0
  31.3264887064      0
  31.3292265572      0
  31.3566050650      2
  31.3812457221      2
  31.3894592745      0
  31.4004106776      1
  31.4031485284      0
  31.4140999316      1
  31.4715947981      2
  31.4934976044      0
  31.5263518138      0
  31.5345653662      0
  31.5373032170      1
  31.5400410678      0
  31.5427789185      1
  31.5455167693      1
  31.5728952772      0
  31.5756331280      0
  31.5838466804      2
  31.6522929500      0
  31.6522929500      0
  31.6632443532      2
  31.6687200548      0
  31.6687200548      0
  31.6878850103      0
  31.7125256674      0
  31.7344284736      1
  31.7590691307      0
  31.7864476386      0
  31.7946611910      0
  31.7973990418      0
  31.8083504449      1
  31.8247775496      0
  31.8494182067      0
  31.9123887748      2
  31.9315537303      0
  31.9507186858      1
  31.9507186858      0
  31.9534565366      0
  31.9726214921      0
  31.9780971937      2
  31.9863107461      3
  31.9972621492      0
  32.0219028063      0
  32.0246406571      0
  32.0301163587      3
  32.0301163587      3
  32.0465434634      1
  32.0492813142      0
  32.0602327173      0
  32.0629705681      2
  32.0793976728      1
  32.0793976728      0
  32.0958247775      0
  32.1286789870      1
  32.1368925394      0
  32.1396303901      0
  32.1423682409      1
  32.1505817933      0
  32.1533196441      2
  32.1889117043      0
  32.1916495551      0
  32.1971252567      0
  32.2053388090      0
  32.2080766598      0
  32.2135523614      1
  32.2436687201      0
  32.2464065708      0
  32.2518822724      1
  32.2765229295      0
  32.2847364819      0
  32.2929500342      3
  32.2984257358      0
  32.2984257358      0
  32.3121149897      0
  32.3258042437      0
  32.3312799452      0
  32.3449691992      1
  32.3504449008      1
  32.3531827515      0
  32.3559206023      1
  32.3805612594      0
  32.3887748118      0
  32.3969883641      0
  32.4407939767      0
  32.4490075291      0
  32.4544832307      2
  32.4544832307      0
  32.4572210815      3
  32.5037645448      2
  32.5065023956      1
  32.5639972621      0
  32.5639972621      0
  32.5804243669      0
  32.5886379192      2
  32.6050650240      0
  32.6625598905      0
  32.6707734428      1
  32.6954140999      0
  32.7036276523      0
  32.7446954141      2
  32.7446954141      1
  32.7611225188      0
  32.8350444901      0
  32.8487337440      0
  32.8843258042      0
  32.9226557153      0
  32.9336071184      0
  32.9500342231      0
  32.9500342231      1
  32.9828884326      0
  32.9965776865      1
  33.0047912389      1
  33.0212183436      2
  33.0349075975      0
  33.0485968515      2
  33.0568104038      2
  33.0622861054      0
  33.0677618070      2
  33.0704996578      1
  33.0732375086      3
  33.0869267625      0
  33.1060917180      0
  33.1197809719      0
  33.1471594798      0
  33.1526351814      0
  33.1608487337      0
  33.2101300479      0
  33.2265571526      2
  33.2484599589      0
  33.2867898700      0
  33.2977412731      1
  33.3059548255      0
  33.3141683778      3
  33.3169062286      0
  33.3524982888      2
  33.3607118412      1
  33.3661875428      0
  33.3771389459      2
  33.3771389459      0
  33.3853524983      0
  33.3908281999      0
  33.3908281999      2
  33.3935660507      0
  33.4045174538      0
  33.4127310062      2
  33.4291581109      1
  33.4401095140      0
  33.4510609172      2
  33.4674880219      0
  33.4921286790      0
  33.5030800821      1
  33.5140314853      3
  33.5195071869      0
  33.5304585900      0
  33.5304585900      0
  33.5633127995      0
  33.5660506502      0
  33.5660506502      1
  33.5742642026      0
  33.5824777550      0
  33.5852156057      2
  33.6208076660      0
  33.6618754278      0
  33.6837782341      0
  33.7193702943      0
  33.7275838467      0
  33.7330595483      0
  33.7522245038      0
  33.7577002053      1
  33.7604380561      2
  33.7659137577      1
  33.7768651608      1
  33.7823408624      1
  33.7850787132      0
  33.7905544148      2
  33.7987679671      0
  33.8069815195      1
  33.8151950719      0
  33.8480492813      0
  33.8507871321      0
  33.8590006845      0
  33.8945927447      0
  33.9000684463      1
  33.9055441478      0
  33.9110198494      0
  33.9383983573      2
  34.0041067762      0
  34.0041067762      0
  34.0177960301      0
  34.0177960301      1
  34.0643394935      0
  34.0643394935      0
  34.0971937029      0
  34.0999315537      2
  34.1355236140      1
  34.1437371663      0
  34.1984941821      2
  34.2286105407      0
  34.2286105407      0
  34.2340862423      2
  34.2806297057      0
  34.3162217659      0
  34.3162217659      0
  34.3737166324      0
  34.3956194387      2
  34.4038329911      0
  34.4175222450      0
  34.4777549624      2
  34.4804928131      1
  34.4914442163      0
  34.5078713210      0
  34.5106091718      0
  34.5133470226      2
  34.5489390828      0
  34.5544147844      2
  34.5598904860      2
  34.5927446954      1
  34.6036960986      1
  34.6310746064      2
  34.6420260096      0
  34.6748802190      0
  34.6776180698      1
  34.6803559206      0
  34.6913073238      0
  34.6940451745      0
  34.6967830253      2
  34.7022587269      0
  34.7104722793      1
  34.7186858316      1
  34.8035592060      0
  34.8281998631      2
  34.8446269678      0
  34.8637919233      0
  34.9103353867      0
  34.9349760438      0
  34.9650924025      0
  34.9733059548      0
  34.9952087611      0