                0.02     -0.054569658854      0.022353418069
                0.04     -0.066437602358      0.044673508753
                0.06     -0.081216993835      0.066931154313
                0.08     -0.099016765653      0.089102046228
                 0.1      -0.08883502937       0.11116497063
                0.12     -0.090584384623        0.1330998259
                0.14      0.042816357968       0.24736181251
                0.16      0.033177283708       0.25192728371
                0.18        0.0358313676       0.26310409487
                 0.2       0.12280100069       0.34633041245
                0.22       0.12104091087       0.34219475702
                0.24       0.21019882583       0.44528654512
                0.26       0.20510718594        0.4472090557
                0.28       0.30017015528       0.52874158385
                 0.3       0.30107233666       0.53281347688
                0.32       0.29510506075       0.52785146836
                0.34        0.3549032647       0.58252740981
                0.36       0.35650071717       0.58689287403
                0.38       0.35870128753        0.5839760128
                 0.4       0.35809007514       0.57781928211
                0.42       0.35917039663       0.58236697247
                0.44       0.36286970715       0.58306675148
                0.46       0.36994120336       0.58490034855
                0.48       0.37681692272       0.58642095617
                 0.5       0.37032423757       0.57654535626
                0.52       0.42262411457       0.62699817189
                0.54       0.42736246504       0.62774333681
                0.56       0.42498215711       0.63385661598
                0.58       0.42477465021       0.63218834574
                 0.6       0.42265009072       0.62941495706
                0.62       0.42211991522       0.62532551581
                0.64       0.42551016077       0.62354937645
                0.66       0.42911824452        0.6217655162
                0.68       0.41812749757       0.61643589054
                 0.7       0.41986206373       0.61776300001
                0.72       0.42081365561       0.61480122871
                0.74       0.48164581893       0.67910195928
                0.76       0.48141383694       0.68354149652
                0.78        0.4756407206       0.67914949253
                 0.8       0.53025307972       0.73639904643
                0.82       0.53215924112        0.7299915791
                0.84       0.59001905499       0.78393248061
                0.86       0.59145413852       0.78932716462
                0.88        0.5940537051        0.7832222787
                 0.9       0.59437951465       0.77419602841
                0.92       0.60036522157       0.78607950729
                0.94       0.59774719217       0.78010013335
                0.96       0.59996837961       0.77887658412
                0.98       0.60534295379       0.78265776861
                   1       0.74795009073       0.92914667193
                1.02       0.74671690517       0.92096324453
                1.04       0.75090208679       0.92261431841
                1.06       0.75408187103       0.92460061782
                1.08       0.75610099679       0.92151828814
                 1.1       0.75538894789       0.91685776077
                1.12       0.76084853508       0.91248460851
                1.14        0.7653650676       0.91319788494
                1.16       0.77570824467       0.91651725644
                1.18       0.77774618486       0.91764684712
                 1.2       0.77691665916       0.91057205369
                1.22       0.77842608056        0.9136719822
                1.24       0.77971820167       0.91279313707
                1.26        0.7781365736       0.91411738112
                1.28       0.77845643994       0.90728117558
                 1.3       0.77960009068       0.90399622595
                1.32       0.77666561505       0.89908985748
                1.34       0.77569555952        0.8957884113
                1.36         0.777267619       0.89674136559
                1.38       0.77733724012       0.89704526931
                 1.4       0.77765387978       0.89530093861
                1.42       0.77674495182       0.89752510213
                1.44       0.77616668623       0.89405780139
                1.46        0.8441912462       0.95984863846
                1.48       0.84292822648       0.95632369432
                 1.5         0.842397146       0.95537253749
                1.52       0.84508055626       0.95371644591
                1.54       0.84771617209       0.95680708118
                1.56       0.85005956316       0.95799607109
                1.58       0.84526095987       0.95863762767
                 1.6       0.84512628079        0.9550886868
                1.62       0.84666383686       0.95266873883
                1.64        0.8502936711       0.95565497646
                1.66       0.85122199537       0.95585283854
                1.68       0.85290429804       0.96040311152
                 1.7       0.85163141587       0.95547143713
                1.72       0.85254414088        0.9520679504
                1.74       0.89751559902        1.0043117155
                1.76       0.90236190035        1.0006524986
                1.78        0.9071184525        1.0023565477
                 1.8       0.91178125904       0.99511459237
                1.82       0.91635329817       0.99478467072
                1.84        0.9652882707        1.0412376378
                1.86        0.9697109411        1.0363776078
                1.88       0.97408196768        1.0333412269
                 1.9        0.9784183138         1.032109589
                1.92       0.98273587488        1.0271803193
                1.94       0.98704762226        1.0240846593
                1.96       0.99136167632        1.0212124226
                1.98       0.99567976768         1.007043404
