                0.02      0.018872924185       0.02824701055
                0.04      0.037243696673      0.055818118513
                0.06       0.05519236234      0.082630326517
                0.08      0.072658517737       0.10878637081
                 0.1      0.089948378915       0.13461223914
                0.12       0.10701899271       0.15907823864
                0.14       0.12436370316       0.18303895687
                0.16       0.14108258763        0.2059224778
                0.18       0.15739908695       0.22860774552
                 0.2       0.17405553333       0.25048899443
                0.22       0.19008210986       0.27221602471
                0.24       0.20658553521       0.29241991927
                0.26       0.22195344014       0.31181677614
                0.28       0.23865996743       0.33158050042
                 0.3        0.2547014707        0.3522801599
                0.32       0.27013908927       0.37056404365
                0.34       0.28678813504       0.38872802827
                0.36       0.30192745052       0.40770241653
                0.38       0.31856892327       0.42503788248
                 0.4       0.33612326015       0.44320992818
                0.42       0.35204222077       0.46213616287
                0.44       0.36845000342       0.47852371809
                0.46       0.38497471832       0.49552914123
                0.48       0.40154095001       0.51274059544
                 0.5       0.41819102972       0.52904143114
                0.52       0.43374628674       0.54401565037
                0.54       0.44759455534       0.55972407211
                0.56       0.46235567172       0.57654491828
                0.58       0.47659473857       0.59148547909
                 0.6       0.49200008654       0.60525280654
                0.62       0.50706076591       0.61782605722
                0.64       0.52150095071       0.63210128433
                0.66       0.53464791768        0.6454391909
                0.68       0.54870628082       0.65797464404
                 0.7       0.56158849746       0.67038345388
                0.72       0.57654623881       0.68237621131
                0.74       0.58913810001       0.69351847203
                0.76       0.60246073025       0.70598970962
                0.78       0.61476809887       0.71775014811
                 0.8       0.62732627517       0.72856443324
                0.82       0.63879114723       0.73886610714
                0.84       0.64943908093       0.74862568119
                0.86       0.65995271684       0.75737537345
                0.88        0.6698319718       0.76670086297
                 0.9       0.67898139537       0.77525905057
                0.92       0.68831998898       0.78218520629
                0.94       0.69600348249       0.79034627236
                0.96       0.70511197065       0.79762075395
                0.98       0.71300350807       0.80474239118
                   1       0.71951902978       0.81257357503
                1.02       0.72795990654       0.81972485301
                1.04       0.73482538415       0.82591223855
                1.06       0.74108928839       0.83315953484
                1.08       0.74874736243       0.83959378022
                 1.1       0.75531119863       0.84519401155
                1.12       0.76279412304       0.85200253818
                1.14       0.77028644093       0.85827569647
                1.16       0.77736590808       0.86515190519
                1.18       0.78397568041       0.87015835323
                 1.2       0.79217760596       0.87593364587
                1.22       0.79962408762        0.8814176492
                1.24       0.80642336552       0.88658982213
                1.26       0.81256353032       0.89059483804
                1.28        0.8189992132       0.89518639521
                 1.3       0.82568039811       0.90013386852
                1.32       0.83166116931        0.9045096759
                1.34       0.83782320601       0.90899568836
                1.36       0.84290814404       0.91305566112
                1.38       0.84764257863        0.9171124739
                 1.4       0.85339304794       0.92104256679
                1.42       0.85938665351       0.92635109085
                1.44       0.86549076378       0.93025754513
                1.46       0.86915455648       0.93479516483
                1.48       0.87472249541        0.9396607294
                 1.5       0.87947998471        0.9443059616
                1.52       0.88475008915       0.94902773132
                1.54       0.88901105298        0.9526645679
                1.56         0.895350779       0.95616409575
                1.58       0.90124515523       0.95969968276
                 1.6       0.90579341397       0.96322384669
                1.62       0.91103963533       0.96624464836
                1.64       0.91739731453       0.96938920269
                1.66       0.92207649745       0.97232136759
                1.68       0.92721632678       0.97517997654
                 1.7       0.93203731556       0.97786424917
                1.72       0.93739610334       0.98052903482
                1.74       0.94233279578       0.98302120366
                1.76       0.94703686706       0.98524886685
                1.78       0.95211591415        0.9873166826
                 1.8       0.95632556891       0.98921688246
                1.82       0.96071791028       0.99110820864
                1.84         0.964714372       0.99265689684
                1.86       0.96913158794        0.9940951726
                1.88       0.97257629413       0.99538956529
                 1.9       0.97648328465       0.99649027809
                1.92       0.98065846129       0.99745863242
                1.94       0.98522310592        0.9982655316
                1.96       0.98976267351       0.99893985694
                1.98       0.99475522292       0.99951239138
