                   0                   0
        0.1219573198       0.13793103448
        0.1829150581       0.22727272727
        0.2286040011       0.31818181818
        0.2763483386                 0.4
        0.3388831589       0.46428571429
         0.516383678       0.51818181818
        0.7312578795       0.58064516129
        0.7945951795       0.63157894737
        0.8231012387       0.66666666667
        0.8299178569       0.68817204301
        0.9984559291       0.83098591549
         1.142075304       0.83734939759
         1.456490488       0.90551181102
         1.728349487       0.95555555556
          1.83734848                   1
                   2                   1
