                0.02               0.842
                0.04               0.617
                0.06               0.373
                0.08               0.179
                 0.1               0.099
                0.12               0.066
                0.14               0.064
                0.16               0.074
                0.18               0.064
                 0.2               0.081
                0.22               0.073
                0.24               0.058
                0.26               0.076
                0.28               0.065
                 0.3               0.056
                0.32               0.055
                0.34               0.062
                0.36               0.056
                0.38               0.072
                 0.4               0.059
                0.42               0.056
                0.44               0.056
                0.46               0.057
                0.48               0.044
                 0.5               0.055
                0.52               0.047
                0.54               0.053
                0.56               0.061
                0.58               0.056
                 0.6                0.05
                0.62               0.052
                0.64                0.05
                0.66               0.048
                0.68               0.046
                 0.7               0.047
                0.72               0.052
                0.74               0.055
                0.76               0.065
                0.78               0.059
                 0.8               0.059
                0.82               0.062
                0.84               0.068
                0.86               0.067
                0.88               0.068
                 0.9               0.069
                0.92               0.059
                0.94               0.058
                0.96                0.06
                0.98               0.063
                   1               0.057
                1.02               0.064
                1.04               0.066
                1.06               0.067
                1.08               0.076
                 1.1               0.074
                1.12               0.064
                1.14                0.06
                1.16               0.062
                1.18               0.063
                 1.2                0.06
                1.22               0.052
                1.24               0.055
                1.26               0.066
                1.28               0.059
                 1.3               0.064
                1.32               0.057
                1.34               0.062
                1.36               0.062
                1.38               0.063
                 1.4               0.063
                1.42               0.064
                1.44               0.065
                1.46               0.062
                1.48               0.068
                 1.5               0.071
                1.52               0.076
                1.54               0.077
                1.56               0.067
                1.58               0.067
                 1.6               0.073
                1.62               0.067
                1.64               0.065
                1.66               0.065
                1.68               0.077
                 1.7               0.087
                1.72               0.093
                1.74               0.117
                1.76               0.147
                1.78                0.17
                 1.8               0.205
                1.82               0.251
                1.84               0.312
                1.86               0.356
                1.88               0.402
                 1.9               0.438
                1.92               0.492
                1.94               0.543
                1.96               0.568
                1.98               0.796
