                   0                   0
               0.002     0.0022359044586
               0.004     0.0044717748028
               0.006     0.0067075769182
               0.008     0.0089432766904
                0.01      0.011178840005
               0.012      0.013414232748
               0.014      0.015649420806
               0.016      0.017884370092
               0.018       0.02011904687
                0.02      0.022353418069
               0.022      0.024587451292
               0.024      0.026821114801
               0.026        0.0290543775
               0.028       0.03128720892
                0.03      0.033519579199
               0.032      0.035751459066
               0.034      0.037982819825
               0.036      0.040213633338
               0.038      0.042443872005
                0.04      0.044673508753
               0.042      0.046902517014
               0.044      0.049130870708
               0.046      0.051358544231
               0.048      0.053585512429
                0.05      0.055811750592
               0.052      0.058037234424
               0.054      0.060261940036
               0.056      0.062485843922
               0.058      0.064708922944
                0.06      0.066931154313
               0.062      0.069152515572
               0.064      0.071372984574
               0.066      0.073592539469
               0.068      0.075811158681
                0.07       0.07802882089
               0.072      0.080245505015
               0.074      0.082461190191
               0.076      0.084675855751
               0.078      0.086889481207
                0.08      0.089102046228
               0.082      0.091313530623
               0.084      0.093523914313
               0.086      0.095733177317
               0.088      0.097941299728
                0.09       0.10014826169
               0.092       0.10235404338
               0.094       0.10455862497
               0.096       0.10676198664
               0.098        0.1089641085
                 0.1       0.11116497063
               0.102         0.113364553
               0.104       0.11556283547
               0.106       0.11775979778
               0.108       0.11995541949
                0.11       0.12214967998
               0.112       0.12434255841
               0.114       0.12653403372
               0.116       0.12872408455
               0.118       0.13091268927
                0.12        0.1330998259
               0.122       0.13528547214
               0.124       0.13746960527
               0.126       0.13965220219
               0.128       0.14183323933
                0.13       0.14401269265
               0.132       0.14619053761
               0.134       0.14836674914
               0.136       0.15054130158
               0.138       0.15271416866
                0.14       0.15488532349
               0.142       0.15705473848
               0.144       0.15922238535
               0.146       0.16138823507
               0.148       0.16355225781
                0.15       0.16571442294
               0.152       0.16787469893
               0.154        0.1700330534
               0.156       0.17218945299
               0.158       0.17434386338
                0.16       0.17649624923
               0.162       0.17864657411
               0.164       0.18079480051
               0.166       0.18294088984
               0.168       0.18508480289
                0.17       0.18722650007
               0.172        0.1893659414
               0.174       0.19150308646
               0.176        0.1936378944
               0.178        0.1957703239
                0.18       0.19790033312
               0.182       0.20002787968
               0.184       0.20215292067
               0.186       0.20427541255
               0.188       0.20639531118
                0.19       0.20851257174
               0.192       0.21062714875
               0.194       0.21273899598
               0.196       0.21484806644
               0.198       0.21695431238
                 0.2       0.21905768518
               0.202       0.22115813539
               0.204       0.22325561262
               0.206       0.22535006558
               0.208       0.22744144195
                0.21       0.22952968844
               0.212       0.23161475066
               0.214       0.23369657313
               0.216       0.23577509922
               0.218       0.23785027111
                0.22       0.23992202975
               0.222       0.24199031479
               0.224       0.24405506459
               0.226       0.24611621609
               0.228       0.24817370488
                0.23       0.25022746561
               0.232       0.25227743264
               0.234       0.25432354057
               0.236       0.25636572432
               0.238       0.25840391908
                0.24       0.26043806028
               0.242       0.26246808352
               0.244       0.26449392456
               0.246       0.26651551922
               0.248       0.26853280338
                0.25       0.27054571291
               0.252        0.2725541836
               0.254       0.27455815114
               0.256       0.27655755107
               0.258       0.27855231868
                0.26       0.28054238903
               0.262       0.28252769684
               0.264       0.28450817644
               0.266       0.28648376174
               0.268       0.28845438618
                0.27       0.29041998263
               0.272       0.29238048338
               0.274       0.29433582003
               0.276       0.29628592357
               0.278        0.2982307249
                0.28       0.30017015528
               0.282       0.30210414632
               0.284       0.30403262998
               0.286        0.3059555385
               0.288       0.30787280439
                0.29       0.30978436036
               0.292       0.31169013935
               0.294       0.31359007444
               0.296       0.31548409915
               0.298       0.31737214765
                 0.3       0.31925415485
               0.302       0.32113005624
               0.304       0.32299978794
               0.306       0.32486328657
               0.308       0.32672048921
                0.31       0.32857133337
               0.312       0.33041575691
               0.314       0.33225369801
               0.316       0.33408509507
               0.318       0.33590988668
                0.32       0.33772801157
               0.322       0.33953940867
               0.324       0.34134401783
               0.326       0.34314178046
               0.328       0.34493263954
                0.33        0.3467165396
               0.332       0.34849342686
               0.334       0.35026324924
               0.336       0.35202595633
               0.338       0.35378149936
                0.34       0.35552983112
               0.342        0.3572709059
               0.344       0.35900467948
               0.346       0.36073110903
               0.348       0.36245015312
                0.35       0.36416177159
               0.352       0.36586592555
               0.354       0.36756257734
               0.356       0.36925169041
               0.358       0.37093322934
                0.36       0.37260715975
               0.362       0.37427344823
               0.364       0.37593206233
               0.366       0.37758297048
               0.368       0.37922614192
                0.37       0.38086154667
               0.372       0.38248915547
               0.374       0.38410893971
               0.376       0.38572087139
               0.378       0.38732492306
                0.38       0.38892106775
               0.382       0.39050927894
               0.384       0.39208953117
               0.386       0.39366180098
               0.388       0.39522606705
                0.39        0.3967823102
               0.392       0.39833051339
               0.394       0.39987066165
               0.396       0.40140274214
               0.398       0.40292674408
                 0.4       0.40444265873
               0.402       0.40595047942
               0.404       0.40745020151
               0.406       0.40894182234
               0.408       0.41042534129
                0.41       0.41190075969
               0.412       0.41336808084
               0.414       0.41482731001
               0.416       0.41627845437
               0.418       0.41772152304
                0.42         0.419156527
               0.422       0.42058347914
               0.424       0.42200239422
               0.426       0.42341328881
               0.428       0.42481618136
                0.43       0.42621109209
               0.432       0.42759804304
               0.434       0.42897705802
               0.436       0.43034816259
               0.438       0.43171138407
                0.44       0.43306675148
               0.442       0.43441429555
               0.444        0.4357540487
               0.446         0.437086045
               0.448       0.43841032017
                0.45       0.43972691155
               0.452       0.44103585808
               0.454       0.44233720031
               0.456        0.4436309803
               0.458       0.44491724168
                0.46       0.44619602961
               0.462       0.44746739072
               0.464       0.44873137312
               0.466       0.44998802637
               0.468       0.45123740147
                0.47       0.45247955081
               0.472       0.45371452816
               0.474       0.45494238864
               0.476       0.45616318873
               0.478       0.45737698617
                0.48       0.45858384002
               0.482       0.45978381057
               0.484       0.46097695934
               0.486       0.46216334908
               0.488       0.46334304366
                0.49       0.46451610814
               0.492       0.46568260869
               0.494       0.46684261254
               0.496       0.46799618802
               0.498       0.46914340452
                 0.5       0.47028433334
               0.502       0.47141904848
               0.504       0.47254762668
               0.506       0.47367014734
               0.508       0.47478669244
                0.51       0.47589734647
               0.512       0.47700219633
               0.514       0.47810133131
               0.516       0.47919484294
               0.518       0.48028282498
                0.52       0.48136537331
               0.522       0.48244258585
               0.524       0.48351456248
               0.526         0.484581405
               0.528       0.48564321702
                0.53       0.48670010388
               0.532       0.48775217259
               0.534       0.48879953173
               0.536       0.48984229141
               0.538       0.49088056315
                0.54       0.49191445981
               0.542       0.49294409554
               0.544       0.49396958566
               0.546       0.49499104663
               0.548       0.49600859591
                0.55       0.49702235193
               0.552       0.49803243397
               0.554       0.49903896212
               0.556       0.50004205717
               0.558       0.50104184053
                0.56       0.50203843416
               0.562       0.50303196049
               0.564       0.50402254231
               0.566       0.50501030273
               0.568       0.50599536505
                0.57       0.50697785271
               0.572        0.5079578892
               0.574       0.50893559796
               0.576       0.50991110231
               0.578       0.51088452536
                0.58       0.51185598992
               0.582       0.51282561841
               0.584       0.51379353279
               0.586       0.51475985445
               0.588       0.51572470415
                0.59        0.5166882019
               0.592       0.51765046689
               0.594       0.51861161739
               0.596       0.51957177068
               0.598       0.52053104293
                 0.6       0.52148954913
               0.602       0.52244740299
               0.604       0.52340471685
               0.606       0.52436160157
               0.608       0.52531816648
                0.61       0.52627451924
               0.612       0.52723076575
               0.614        0.5281870101
               0.616        0.5291433544
               0.618       0.53009989875
                0.62       0.53105674111
               0.622        0.5320139772
               0.624        0.5329717004
               0.626       0.53393000173
               0.628       0.53488897035
                0.63       0.53584869452
               0.632       0.53680926167
               0.634       0.53777075832
               0.636       0.53873327006
               0.638       0.53969688142
                0.64       0.54066167592
               0.642       0.54162773591
               0.644        0.5425951426
               0.646       0.54356397606
               0.648       0.54453431509
                0.65       0.54550623722
               0.652        0.5464798186
               0.654       0.54745513396
               0.656       0.54843225657
               0.658       0.54941125811
                0.66       0.55039220865
               0.662        0.5513751766
               0.664       0.55236022861
               0.666       0.55334742949
               0.668        0.5543368422
                0.67       0.55532852774
               0.672        0.5563225451
               0.674       0.55731895116
               0.676       0.55831780068
               0.678       0.55931914618
                0.68       0.56032303788
               0.682       0.56132952365
               0.684       0.56233864892
               0.686       0.56335045664
               0.688       0.56436498731
                0.69       0.56538227966
               0.692       0.56640237093
               0.694       0.56742529678
               0.696       0.56845109129
               0.698       0.56947978691
                 0.7       0.57051141438
               0.702       0.57154600274
               0.704       0.57258357923
               0.706       0.57362416928
               0.708       0.57466779644
                0.71       0.57571448236
               0.712       0.57676424672
               0.714       0.57781710717
               0.716       0.57887307931
               0.718       0.57993217666
                0.72       0.58099441053
               0.722       0.58205979007
               0.724       0.58312832214
               0.726       0.58420001132
               0.728       0.58527485981
                0.73       0.58635286741
               0.732       0.58743403148
               0.734        0.5885183471
               0.736       0.58960580776
               0.738       0.59069640559
                0.74       0.59179013132
               0.742       0.59288697425
               0.744       0.59398692225
               0.746        0.5950899617
               0.748       0.59619607749
                0.75       0.59730525302
               0.752        0.5984174701
               0.754         0.599532709
               0.756        0.6006509484
               0.758       0.60177216534
                0.76       0.60289633523
               0.762       0.60402343179
               0.764       0.60515342706
               0.766       0.60628629135
               0.768        0.6074219932
                0.77       0.60856049941
               0.772       0.60970177494
               0.774       0.61084578293
               0.776       0.61199248465
               0.778       0.61314183949
                0.78       0.61429380492
               0.782       0.61544833677
               0.784       0.61660538984
               0.786       0.61776491802
               0.788       0.61892687434
                0.79       0.62009121093
               0.792       0.62125787902
               0.794       0.62242682895
               0.796       0.62359801016
               0.798       0.62477137118
                 0.8       0.62594685962
               0.802        0.6271244222
               0.804       0.62830400471
               0.806       0.62948555202
               0.808       0.63066900808
                0.81       0.63185431589
               0.812       0.63304141753
               0.814       0.63423025416
               0.816       0.63542076596
               0.818       0.63661289218
                0.82       0.63780657113
               0.822       0.63900174012
               0.824       0.64019833554
               0.826       0.64139629278
               0.828       0.64259554626
                0.83       0.64379602944
               0.832       0.64499767476
               0.834       0.64620041369
               0.836       0.64740417668
               0.838       0.64860889319
                0.84       0.64981449165
               0.842       0.65102089949
               0.844       0.65222804322
               0.846       0.65343584894
               0.848       0.65464424258
                0.85       0.65585314993
               0.852       0.65706249662
               0.854       0.65827220815
               0.856       0.65948220991
               0.858       0.66069242718
                0.86       0.66190278516
               0.862       0.66311320896
               0.864       0.66432362361
               0.866        0.6655339541
               0.868       0.66674412539
                0.87       0.66795406237
               0.872       0.66916368995
               0.874       0.67037293301
               0.876       0.67158171645
               0.878       0.67278996517
                0.88       0.67399760411
               0.882       0.67520455826
               0.884       0.67641075263
               0.886       0.67761611233
               0.888       0.67882056251
                0.89       0.68002402844
               0.892       0.68122643546
               0.894       0.68242770902
               0.896       0.68362777471
               0.898       0.68482655822
                 0.9        0.6860239854
               0.902       0.68721998224
               0.904       0.68841447489
               0.906       0.68960738968
               0.908       0.69079865311
                0.91       0.69198819187
               0.912       0.69317593285
               0.914       0.69436180315
               0.916       0.69554573008
               0.918        0.6967276412
                0.92       0.69790746428
               0.922       0.69908512734
               0.924       0.70026055866
               0.926       0.70143368677
               0.928       0.70260444048
                0.93       0.70377274887
               0.932       0.70493854131
               0.934       0.70610174745
               0.936       0.70726229724
               0.938       0.70842012096
                0.94       0.70957514916
               0.942       0.71072731274
               0.944       0.71187654292
               0.946       0.71302277124
               0.948       0.71416592958
                0.95       0.71530595017
               0.952       0.71644276557
               0.954       0.71757630872
               0.956       0.71870651291
               0.958       0.71983331223
                0.96       0.72095664194
               0.962       0.72207643856
               0.964        0.7231926398
               0.966       0.72430518454
               0.968       0.72541401287
                0.97       0.72651906602
               0.972       0.72762028635
               0.974       0.72871761734
               0.976       0.72981100359
               0.978       0.73090039076
                0.98        0.7319857256
               0.982       0.73306695587
               0.984        0.7341440304
               0.986       0.73521689899
               0.988       0.73628551246
                0.99       0.73734982259
               0.992        0.7384097821
               0.994       0.73946534467
               0.996       0.74051646486
               0.998       0.74156309815
                   1       0.74260520088
               1.002       0.74364273025
               1.004       0.74467564429
               1.006       0.74570390184
               1.008       0.74672746253
                1.01       0.74774628677
               1.012       0.74876033572
               1.014       0.74976957125
               1.016       0.75077395597
               1.018       0.75177345314
                1.02       0.75276802671
               1.022       0.75375764146
               1.024        0.7547422634
               1.026       0.75572185986
               1.028       0.75669639952
                1.03       0.75766585238
               1.032       0.75863018975
               1.034       0.75958938425
               1.036       0.76054340981
               1.038       0.76149224167
                1.04       0.76243585634
               1.042       0.76337423163
               1.044       0.76430734663
               1.046       0.76523518171
               1.048       0.76615771849
                1.05       0.76707493986
               1.052       0.76798682997
               1.054        0.7688933742
               1.056       0.76979455917
               1.058       0.77069037275
                1.06       0.77158080402
               1.062       0.77246584326
               1.064       0.77334548198
               1.066       0.77421971289
               1.068       0.77508852987
                1.07         0.775951928
               1.072       0.77680990352
               1.074       0.77766245385
               1.076       0.77850957755
               1.078       0.77935127434
                1.08       0.78018754507
               1.082        0.7810183917
               1.084       0.78184381734
               1.086       0.78266382617
               1.088       0.78347842351
                1.09       0.78428761571
               1.092       0.78509141024
               1.094       0.78588981562
               1.096        0.7866828414
               1.098       0.78747049821
                 1.1       0.78825279766
               1.102       0.78902975242
               1.104       0.78980137613
               1.106       0.79056768344
               1.108       0.79132868997
                1.11       0.79208441231
               1.112       0.79283486799
               1.114       0.79358007548
               1.116       0.79432005418
               1.118       0.79505482439
                1.12        0.7957844073
               1.122       0.79650882498
               1.124       0.79722810037
               1.126       0.79794225725
               1.128       0.79865132023
                1.13       0.79935531473
               1.132       0.80005426697
               1.134       0.80074820396
               1.136       0.80143715346
               1.138       0.80212114397
                1.14       0.80280020474
               1.142        0.8034743657
               1.144       0.80414365749
               1.146        0.8048081114
               1.148       0.80546775939
                1.15       0.80612263404
               1.152       0.80677276854
               1.154       0.80741819667
               1.156       0.80805895278
               1.158       0.80869507175
                1.16       0.80932658901
               1.162       0.80995354047
               1.164       0.81057596253
               1.166       0.81119389205
               1.168       0.81180736629
                1.17       0.81241642296
               1.172       0.81302110013
               1.174       0.81362143624
               1.176       0.81421747003
               1.178       0.81480924059
                1.18       0.81539678727
               1.182       0.81598014967
               1.184       0.81655936763
               1.186       0.81713448116
               1.188       0.81770553047
                1.19       0.81827255591
               1.192       0.81883559792
               1.194       0.81939469705
               1.196       0.81994989387
               1.198         0.820501229
                 1.2       0.82104874305
               1.202       0.82159247657
               1.204       0.82213247006
               1.206       0.82266876388
               1.208        0.8232013983
                1.21       0.82373041337
               1.212       0.82425584896
               1.214       0.82477774469
               1.216       0.82529613992
               1.218       0.82581107366
                1.22       0.82632258461
               1.222       0.82683071106
               1.224       0.82733549088
               1.226       0.82783696149
               1.228       0.82833515982
                1.23        0.8288301226
               1.232       0.82932188661
               1.234       0.82981048862
               1.236       0.83029596543
               1.238       0.83077835426
                1.24       0.83125769297
               1.242        0.8317340201
               1.244       0.83220737478
               1.246       0.83267779672
               1.248       0.83314532617
                1.25       0.83361000385
               1.252       0.83407187095
               1.254       0.83453096909
               1.256       0.83498734023
               1.258       0.83544102671
                1.26       0.83589207112
               1.262       0.83634051634
               1.264       0.83678640545
               1.266        0.8372297817
               1.268       0.83767068849
                1.27       0.83810916929
               1.272       0.83854526763
               1.274       0.83897902704
               1.276       0.83941049102
               1.278       0.83983970298
                1.28       0.84026670621
               1.282       0.84069154385
               1.284       0.84111425879
               1.286       0.84153489371
               1.288       0.84195349095
                1.29       0.84237009253
               1.292       0.84278474007
               1.294       0.84319747476
               1.296       0.84360833729
               1.298       0.84401736784
                 1.3       0.84442460613
               1.302       0.84483009184
               1.304       0.84523386464
               1.306       0.84563596421
               1.308       0.84603643017
                1.31        0.8464353021
               1.312       0.84683261945
               1.314       0.84722842153
               1.316       0.84762274748
               1.318       0.84801563626
                1.32       0.84840712655
               1.322        0.8487972568
               1.324       0.84918606511
               1.326       0.84957358926
               1.328       0.84995986672
                1.33       0.85034493484
               1.332       0.85072883098
               1.334       0.85111159254
               1.336       0.85149325702
               1.338       0.85187386223
                1.34        0.8522534467
               1.342       0.85263204973
               1.344       0.85300971136
               1.346       0.85338647233
               1.348       0.85376237407
                1.35       0.85413745864
               1.352       0.85451176872
               1.354       0.85488534759
               1.356       0.85525823904
               1.358       0.85563048741
                1.36       0.85600213749
               1.362       0.85637323456
               1.364       0.85674382428
               1.366       0.85711395274
               1.368       0.85748366633
                1.37       0.85785301181
               1.372        0.8582220362
               1.374       0.85859078679
               1.376       0.85895931108
               1.378       0.85932765677
                1.38       0.85969587172
               1.382       0.86006400391
               1.384       0.86043210141
               1.386       0.86080021236
               1.388        0.8611683849
                1.39       0.86153666719
               1.392       0.86190510733
               1.394       0.86227375336
               1.396        0.8626426532
               1.398       0.86301185463
                 1.4       0.86338140527
               1.402       0.86375135251
               1.404       0.86412174349
               1.406       0.86449262511
               1.408       0.86486404393
                1.41       0.86523604616
               1.412       0.86560867764
               1.414        0.8659819838
               1.416       0.86635600961
               1.418       0.86673079955
                1.42        0.8671063976
               1.422       0.86748284717
               1.424       0.86786019108
               1.426       0.86823847152
               1.428       0.86861773004
                1.43       0.86899800746
               1.432       0.86937934389
               1.434       0.86976177867
               1.436       0.87014535031
               1.438       0.87053009651
                1.44       0.87091605407
               1.442       0.87130325888
               1.444       0.87169174587
               1.446       0.87208154898
               1.448       0.87247270113
                1.45       0.87286523417
               1.452       0.87325917884
               1.454       0.87365456475
               1.456       0.87405142031
               1.458       0.87444977273
                1.46       0.87484964795
               1.462       0.87525107061
               1.464       0.87565406404
               1.466       0.87605865015
               1.468       0.87646484948
                1.47       0.87687268107
               1.472        0.8772821625
               1.474        0.8776933098
               1.476       0.87810613742
               1.478        0.8785206582
                1.48       0.87893688329
               1.482       0.87935482219
               1.484       0.87977448262
               1.486       0.88019587052
               1.488       0.88061899001
                1.49       0.88104384334
               1.492       0.88147043084
               1.494       0.88189875088
               1.496       0.88232879985
               1.498       0.88276057208
                 1.5        0.8831940598
               1.502       0.88362925315
               1.504       0.88406614053
               1.506       0.88450470972
               1.508        0.8849449482
                1.51       0.88538684313
               1.512       0.88583038135
               1.514       0.88627554941
               1.516       0.88672233352
               1.518       0.88717071961
                1.52       0.88762069328
               1.522       0.88807223983
               1.524       0.88852534425
               1.526       0.88897999121
               1.528       0.88943616511
                1.53          0.88989385
               1.532       0.89035302967
               1.534       0.89081368759
               1.536       0.89127580693
               1.538       0.89173937056
                1.54       0.89220436107
               1.542       0.89267076073
               1.544       0.89313855154
               1.546       0.89360771522
               1.548       0.89407823317
                1.55       0.89455008653
               1.552       0.89502325615
               1.554        0.8954977226
               1.556       0.89597346618
               1.558        0.8964504669
                1.56       0.89692870451
               1.562        0.8974081585
               1.564       0.89788880806
               1.566       0.89837063215
               1.568       0.89885360946
                1.57       0.89933771841
               1.572       0.89982293718
               1.574        0.9003092437
               1.576       0.90079661565
               1.578       0.90128503045
                1.58        0.9017744653
               1.582       0.90226489715
               1.584       0.90275630272
               1.586       0.90324865849
               1.588       0.90374194074
                1.59       0.90423612549
               1.592       0.90473118856
               1.594       0.90522710556
               1.596       0.90572385187
               1.598       0.90622140266
                 1.6       0.90671973292
               1.602       0.90721881742
               1.604       0.90771863073
               1.606       0.90821914722
               1.608        0.9087203411
                1.61       0.90922218636
               1.612       0.90972465684
               1.614       0.91022772616
               1.616       0.91073136782
               1.618        0.9112355551
                1.62       0.91174026113
               1.622       0.91224545891
               1.624       0.91275112122
               1.626       0.91325722075
               1.628       0.91376372999
                1.63        0.9142706213
               1.632       0.91477786693
               1.634       0.91528543893
               1.636       0.91579330927
               1.638       0.91630144976
                1.64        0.9168098321
               1.642       0.91731842786
               1.644       0.91782720849
               1.646       0.91833614532
               1.648       0.91884520963
                1.65       0.91935437264
               1.652       0.91986360556
               1.654       0.92037287961
               1.656       0.92088216598
               1.658       0.92139143589
                1.66       0.92190066054
               1.662       0.92240981118
               1.664       0.92291885932
               1.666       0.92342777701
               1.668        0.9239365369
                1.67       0.92444511223
               1.672       0.92495347682
               1.674       0.92546160504
               1.676       0.92596947185
               1.678       0.92647705274
                1.68       0.92698432375
               1.682       0.92749126148
               1.684       0.92799784304
               1.686       0.92850404607
               1.688       0.92900984874
                1.69       0.92951522971
               1.692       0.93002016817
               1.694        0.9305246438
               1.696       0.93102863677
               1.698       0.93153212772
                 1.7        0.9320350978
               1.702       0.93253752861
               1.704       0.93303940222
               1.706       0.93354070116
               1.708       0.93404140843
                1.71       0.93454150746
               1.712       0.93504098213
               1.714       0.93553981674
               1.716       0.93603799605
               1.718       0.93653550523
                1.72       0.93703232986
               1.722       0.93752845593
               1.724       0.93802386987
               1.726       0.93851855848
               1.728       0.93901250897
                1.73       0.93950570893
               1.732       0.93999814636
               1.734        0.9404898096
               1.736        0.9409806874
               1.738       0.94147076886
                1.74       0.94196004346
               1.742       0.94244850103
               1.744       0.94293613173
               1.746       0.94342292612
               1.748       0.94390887505
                1.75       0.94439396973
               1.752       0.94487820172
               1.754       0.94536156287
               1.756       0.94584404537
               1.758       0.94632564174
                1.76        0.9468063448
               1.762       0.94728614765
               1.764       0.94776504374
               1.766       0.94824302678
               1.768       0.94872009078
                1.77       0.94919623003
               1.772       0.94967143921
               1.774       0.95014571373
               1.776       0.95061904991
               1.778       0.95109144496
                1.78       0.95156289695
               1.782        0.9520334048
               1.784       0.95250296825
               1.786       0.95297158786
               1.788       0.95343926496
                1.79       0.95390600165
               1.792       0.95437180077
               1.794        0.9548366659
               1.796       0.95530060131
               1.798       0.95576361196
                 1.8       0.95622570348
               1.802       0.95668688215
               1.804       0.95714715487
               1.806       0.95760652914
               1.808       0.95806501308
                1.81       0.95852261534
               1.812       0.95897934516
               1.814       0.95943521228
               1.816       0.95989022698
               1.818       0.96034440001
                1.82       0.96079774261
               1.822       0.96125026648
               1.824       0.96170198376
               1.826       0.96215290699
               1.828       0.96260304913
                1.83       0.96305242353
               1.832       0.96350104388
               1.834       0.96394892424
               1.836       0.96439607899
               1.838       0.96484252281
                1.84        0.9652882707
               1.842       0.96573333789
               1.844       0.96617773991
               1.846       0.96662149251
               1.848       0.96706461164
                1.85       0.96750711349
               1.852       0.96794901439
               1.854       0.96839033088
               1.856       0.96883107961
               1.858       0.96927127739
                1.86        0.9697109411
               1.862       0.97015008776
               1.864       0.97058873444
               1.866       0.97102689826
               1.868       0.97146459639
                1.87       0.97190184604
               1.872       0.97233866438
               1.874        0.9727750686
               1.876       0.97321107583
               1.878       0.97364670319
                1.88       0.97408196768
               1.882       0.97451688624
               1.884        0.9749514757
               1.886       0.97538575277
               1.888       0.97581973401
                1.89       0.97625343582
               1.892       0.97668687441
               1.894       0.97712006582
               1.896       0.97755302585
               1.898       0.97798577007
                 1.9        0.9784183138
               1.902       0.97885067208
               1.904       0.97928285967
               1.906       0.97971489102
               1.908       0.98014678023
                1.91       0.98057854107
               1.912       0.98101018695
               1.914       0.98144173088
               1.916       0.98187318546
               1.918       0.98230456288
                1.92       0.98273587488
               1.922       0.98316713274
               1.924       0.98359834724
               1.926       0.98402952867
               1.928        0.9844606868
                1.93       0.98489183086
               1.932        0.9853229695
               1.934        0.9857541108
               1.936       0.98618526224
               1.938       0.98661643065
                1.94       0.98704762226
               1.942       0.98747884259
               1.944       0.98791009651
               1.946       0.98834138816
               1.948       0.98877272095
                1.95       0.98920409757
               1.952       0.98963551991
               1.954       0.99006698908
               1.956       0.99049850538
               1.958       0.99093006826
                1.96       0.99136167632
               1.962       0.99179332752
               1.964       0.99222501964
               1.966       0.99265675049
               1.968       0.99308851787
                1.97       0.99352031961
               1.972       0.99395215353
               1.974       0.99438401746
               1.976       0.99481590923
               1.978       0.99524782669
                1.98       0.99567976768
               1.982       0.99611173005
               1.984       0.99654371165
               1.986       0.99697571034
               1.988       0.99740772398
                1.99       0.99783975043
               1.992       0.99827178754
               1.994       0.99870383319
               1.996       0.99913588524
               1.998       0.99956794155
                   2                   1
