                0.02      0.011546731494      0.020478082723
                0.04        0.0232327956      0.040993989103
                0.06      0.035212940611      0.061552445779
                0.08      0.047469326365      0.081915150635
                 0.1       0.06010811876       0.10249086722
                0.12      0.072983970235       0.12276054824
                0.14      0.086201771096       0.14322854853
                0.16       0.10073205922       0.16388652042
                0.18       0.11452248012       0.18518586897
                 0.2       0.12910464805       0.20606918318
                0.22       0.14429602568        0.2261519665
                0.24       0.15997561307       0.24671424155
                0.26       0.17606844839       0.26670973093
                0.28       0.19274943228       0.28641059947
                 0.3       0.21004891761       0.30533047161
                0.32       0.22694310731         0.324319865
                0.34       0.24381001739       0.34441484571
                0.36       0.26007119165       0.36305368557
                0.38       0.27625803444       0.38145677647
                 0.4       0.29174621907        0.4004952093
                0.42       0.30808839945       0.41759156023
                0.44       0.32467886187       0.43555566791
                0.46       0.34023321906       0.45226369863
                0.48       0.35609317649       0.46908628717
                 0.5       0.37191855192       0.48628690337
                0.52       0.38732485355        0.5035921969
                0.54       0.40324876132       0.51867922531
                0.56       0.41864161443       0.53249044293
                0.58       0.43339755049       0.54738876141
                 0.6       0.44851513058       0.56128865361
                0.62       0.46239035108       0.57600230037
                0.64       0.47585426667       0.58660718821
                0.66       0.49027316589       0.59737151856
                0.68       0.50328086868       0.60937082982
                 0.7       0.51678729735       0.62048678397
                0.72       0.53045028801       0.63171435226
                0.74       0.54352399777       0.64354816777
                0.76       0.55623175132        0.6547234073
                0.78        0.5686282437       0.66694221057
                 0.8       0.57959173251       0.67737208761
                0.82       0.58971825973       0.68829044019
                0.84       0.60026432954       0.69836982874
                0.86       0.61116117402       0.70831843491
                0.88       0.62373082614       0.72016270682
                 0.9       0.63543314568       0.72982377726
                0.92       0.64694077906       0.73828876482
                0.94       0.65818218919       0.74842518569
                0.96       0.66961983894       0.75983615096
                0.98       0.68125153344       0.76976094977
                   1       0.69174758905        0.7809150847
                1.02       0.70397323248        0.7895312356
                1.04       0.71471404364       0.79870815314
                1.06       0.72616882626       0.80597739793
                1.08       0.73753678138       0.81342584727
                 1.1       0.74736074011       0.82223030644
                1.12       0.75797052832       0.83135159148
                1.14       0.76775365477       0.84000047689
                1.16       0.77828413566       0.85014234777
                1.18        0.7868242046       0.85932732974
                 1.2       0.79588579426       0.86722216386
                1.22       0.80441365641       0.87544852815
                1.24       0.81333288623        0.8832773364
                1.26        0.8205615829       0.89136303562
                1.28       0.82839346289       0.89840227528
                 1.3       0.83580307299       0.90531601168
                1.32        0.8428003976       0.91178559089
                1.34       0.84913821198       0.91722014757
                1.36       0.85496208644       0.92235377095
                1.38       0.86014661209         0.926811655
                 1.4       0.86419656985       0.93054169359
                1.42       0.86845507358       0.93393477341
                1.44       0.87180519612       0.93721330658
                1.46        0.8765241409       0.94028983986
                1.48       0.87954125204       0.94284021099
                 1.5       0.88308047771       0.94583076556
                1.52       0.88657626203       0.94888746313
                1.54       0.89079947372       0.95160509172
                1.56       0.89476471675       0.95395630115
                1.58        0.8990706138       0.95653608432
                 1.6       0.90325728268       0.95947124442
                1.62       0.90764905611       0.96195093586
                1.64       0.91235795084       0.96406093057
                1.66       0.91732532945       0.96587595266
                1.68       0.92216436467       0.96837795092
                 1.7       0.92698621491       0.97113776752
                1.72       0.93205772968       0.97357440552
                1.74       0.93704137892        0.9753675771
                1.76       0.94208676299       0.97801181721
                1.78       0.94714797439       0.98016722112
                 1.8       0.95214231863       0.98244933177
                1.82       0.95722881477       0.98496376671
                1.84       0.96210743311       0.98707104849
                1.86       0.96682502954       0.98919776991
                1.88       0.97170014481       0.99112346119
                 1.9       0.97652803341        0.9929167436
                1.92       0.98132876434       0.99450089812
                1.94       0.98602073111       0.99595622101
                1.96        0.9907119344       0.99733871912
                1.98       0.99536744035       0.99867990306
