    0.00045565012187         0
     0.0058987443116         0
      0.011159537989         0
      0.013768103489         0
      0.014939475459         0
       0.01594909695         0
      0.020697938307         0
      0.021485889837         0
      0.021720722215         0
       0.02302783588         0
      0.025618748491         0
      0.031196840026         0
      0.032326760217         0
      0.032564721605         0
      0.035759430607         0
      0.039647641536         0
      0.042104799558         0
      0.043117857899         0
       0.04595675553         0
       0.04819688885         0
      0.048990685608         0
      0.049048782177         1
      0.051828452737         0
      0.056743646388         0
      0.060831081587         0
      0.061798513045         0
      0.062676830186         0
      0.064791334444         0
      0.066667497337         0
      0.068725924761         0
      0.082318486683         0
      0.083455747208         1
      0.084109534685         0
      0.087177740538         0
      0.088919181921         1
      0.091028927323         0
      0.098466649279         0
       0.10007112379         0
        0.1002673607         0
       0.10289841475         0
       0.10818977707         0
       0.10885116663         0
       0.10927439511         0
       0.10976694497         0
        0.1148341172         0
       0.11706592392         0
       0.11770781314         0
       0.11863615559         0
       0.12127686191         0
       0.12265594243         0
       0.12488141186         0
       0.12894112857         0
       0.13065577208         0
       0.13261782023         0
       0.13266490309         0
       0.13283235753         0
       0.13573279881         0
       0.13853931237         0
       0.13862657875         0
       0.13936901466         0
       0.14064274205         0
       0.14128334585         0
       0.14294210304         0
       0.14608626457         0
        0.1474679903         0
       0.14897168227         1
       0.15062558619         0
       0.15945121915         0
       0.16210763625         0
       0.16480186725         0
       0.16652297156         0
       0.16882310113         0
       0.16977662139         0
       0.17124023121         0
        0.1717256679         0
       0.17281764329         0
       0.17490018788         1
       0.17503483684         0
       0.17537287765         0
       0.17637848915         0
       0.17708433815         0
       0.17934660483         0
       0.18011514578         0
       0.18120651371         0
        0.1849655299         0
        0.1853863669         0
       0.19105616031         0
       0.19159425568         0
       0.19248985069         0
       0.19871631584         0
       0.19879167281         0
       0.20042816926         1
       0.20112211465         0
       0.20184521279         0
       0.20250311467         0
       0.20309457215         1
       0.20612154299         1
       0.20695465693         0
       0.20743370828         0
       0.21284711783         0
       0.22773233665         0
       0.23210597826         0
       0.23412725534         0
        0.2357655389         0
       0.23879395381         0
        0.2400913417         1
       0.24085944548         0
       0.24251845655         1
       0.24343688357         1
       0.24613382592         0
       0.24789119315         0
       0.25147516353         0
       0.25385268297         0
       0.25793508735         0
       0.25864777613         1
       0.26115910427         0
       0.26218549119         0
       0.26355896276         0
       0.26365052564         0
       0.26376337397         1
       0.26406943661         0
       0.26544555232         0
       0.26701382902         1
       0.27022848383         0
       0.27063282756         0
       0.27374129134         0
       0.27494517214         0
       0.27503519285         0
       0.27626076644         1
       0.27641971886         0
       0.27933245986         0
       0.28416066243         0
       0.28776857761         0
       0.28855118018         0
        0.2886055127         0
       0.29177178831         0
       0.29221079595         0
       0.29305845188         0
       0.29490951241         1
        0.2951371491         0
       0.29909625122         1
        0.2995137162         0
        0.3015529938         0
       0.30371350237         0
       0.30397615226         0
       0.30601027794         0
       0.30775229262         0
       0.30986794213         0
       0.31195286056         0
       0.31553482868         0
       0.31719248757         1
       0.31809450199         0
       0.32342009499         0
       0.32390871656         0
       0.32771347815         1
       0.32990060938         0
       0.33164916636         1
       0.33743251632         1
       0.33765238098         0
       0.34251920625         0
       0.34264817224         0
       0.34372063502         0
        0.3455343749         0
       0.34718415014         1
       0.35060524361         0
       0.35189361358         0
       0.35596456479         1
       0.35766053643         0
       0.36121432323         0
       0.36192458472         0
       0.36273228491         1
       0.36273947347         1
       0.36903917588         0
          0.36962959         1
       0.37882202493         1
       0.38248554591         1
       0.38298730015         1
       0.38804444145         0
       0.38832893763         0
       0.40409071378         0
       0.40547758555         0
       0.40613607027         0
       0.40621364577         0
       0.40867552194         1
       0.41128723762         0
        0.4133605884         0
       0.41474439557         0
       0.41491221736         1
       0.41621759322         0
       0.41735730839         0
       0.42259722879         1
       0.42374975025         0
        0.4245895566         0
       0.42473751526         0
       0.42990165135         1
       0.43444073297         0
       0.43586369557         1
       0.43642580228         0
       0.43660467191         1
       0.43916918099         1
       0.44247956712         0
       0.44256706755         0
       0.44328575827         1
       0.44536777013         0
       0.44666126349         0
       0.45014699138         0
       0.45374907005         0
        0.4561960294         1
       0.45663687171         1
       0.45741559319         1
       0.46121127164         1
       0.46289629844         0
       0.46327090632         0
       0.46339807778         0
       0.46482702244         1
         0.469242359         1
       0.46932275419         1
       0.47165157256         1
       0.47264132122         1
       0.47363133166         0
       0.47542569795         0
       0.47740781365         1
       0.48062293729         1
       0.48202115395         1
       0.48340671876         1
       0.48486854126         0
          0.48645327         0
       0.48873841683         0
        0.4906466255         0
       0.49183987365         0
       0.49234115902         0
       0.49376954638         0
       0.49377258113         1
       0.49398707005         0
       0.49461073822         0
       0.49674081672         1
       0.49858584652         1
       0.50394779119         1
       0.50486247696         1
       0.50613239318         0
       0.51015343876         1
       0.51194940651         1
       0.51220349815         1
       0.51231073052         0
       0.51861762736         0
        0.5207829814         0
       0.52169925881         1
       0.52473533232         0
        0.5253523917         1
       0.52615461142         0
       0.52629268786         1
       0.52854126727         0
       0.53101773058         1
       0.53322766548         0
       0.53841626763         1
        0.5388275629         1
       0.54018878657         1
       0.54211768459         1
       0.54357649093         0
       0.54358904296         0
       0.54437221592         0
       0.54468372281         1
       0.54659114638         0
       0.54717265582         0
       0.55051630725         1
       0.55237288544         0
       0.55438487289         0
       0.55929260534         1
        0.5594115019         0
       0.55947486894         0
       0.56038214636         0
       0.56039359762         1
       0.56540755462         0
       0.56582010954         0
       0.56689748972         0
       0.57457896487         1
       0.57798312513         0
       0.58446486335         1
       0.58574769112         0
       0.58710758347         1
       0.58718649222         1
       0.58891913575         0
       0.58988516857         0
       0.59068204227         0
       0.59340909693         0
        0.5943619686         0
       0.59728217007         1
       0.60015665174         1
       0.60285495569         0
       0.60397011807         1
        0.6074169983         0
        0.6143696007         1
       0.61464794388         1
       0.61517830205         0
        0.6163304434         0
       0.61787213573         1
       0.61984436118         1
       0.62323690892         1
       0.62445212061         0
       0.62468759156         1
       0.62677429685         1
       0.62799841237         0
       0.62852999656         1
       0.62891039253         1
       0.63004569364         0
       0.63224621135         0
       0.63263825049         1
        0.6327771894         0
       0.63367007682         0
       0.63481071859         0
       0.63794390853         0
       0.64158704628         1
       0.64450856903         0
       0.64479874827         1
       0.64605161149         0
       0.64810239108         0
       0.65053282918         1
       0.65460053026         0
        0.6554839669         1
       0.65558453871         1
       0.65626398104         1
       0.65761233795         0
       0.65775216224         0
        0.6645480008         0
       0.66607770064         1
       0.66825928019         1
       0.67024346588         1
       0.67400677302         1
       0.67407866464         0
       0.67422036236         0
       0.67439971613         1
       0.67799533237         1
       0.68019417009         1
       0.68028075635         1
       0.68139034517         0
       0.68200161722         0
       0.68338338219         0
       0.68454625733         0
       0.68807603564         1
       0.69037899335         1
       0.69274618389         0
       0.69292922458         1
       0.69344981057         1
       0.69554242992         0
       0.70096718761         0
       0.70138568924         1
       0.70243928271         0
       0.70749661981         1
       0.70798528818         1
        0.7104296032         0
       0.71699319595         1
        0.7194111569         0
       0.72045377995         1
       0.72393901998         1
       0.72664173818         0
       0.72928160426         0
       0.72950177963         1
       0.73047085674         1
       0.73202461903         1
       0.73325945957         1
       0.73397604001         1
       0.73770254808         0
       0.74061334777         0
       0.74186298189         1
       0.74848273068         0
        0.7506823705         1
       0.75212752916         1
       0.75320796745         0
       0.76199583197         1
       0.76207139994         1
       0.76324265425         1
       0.76474940108         1
       0.76565855766         1
       0.76577832908         1
       0.76594564378         0
       0.76744257056         1
       0.76974789614         1
       0.77033942983         0
       0.77474595835         0
       0.77568162491         1
       0.77592928282         1
       0.77721103382         1
       0.77864205431         1
       0.78381403969         1
       0.78422658096         1
       0.78822190464         1
       0.78919551511         0
       0.78963237569         1
       0.79059252961         1
       0.79243401508         1
         0.795429672         1
       0.79630044576         1
       0.79746073656         0
       0.79893346954         0
       0.79922563014         1
       0.79941970251         0
        0.8016183951         1
        0.8031742449         1
       0.80543266407         1
       0.80582668265         1
       0.81143889098         1
       0.81323337488         1
       0.81893003593         0
       0.82092854417         1
       0.82255094451         1
       0.82603459767         1
       0.82845971643         0
       0.83286583694         1
       0.83421519323         1
       0.83499445846         1
       0.83736696594         1
       0.83758390294         1
        0.8400437049         1
       0.84294833198         1
       0.84352462298         1
       0.84513699951         1
        0.8474604395         1
       0.84950437567         0
       0.85001514855         1
       0.85238003999         1
       0.85289504913         0
       0.85357981688         1
       0.85529821736         0
       0.86001429342         0
       0.86087161263         1
       0.86108926825         1
       0.86115272837         1
       0.86368438708         1
       0.86482681895         1
       0.86793230553         1
       0.87147311379         0
        0.8771016017         1
       0.87939200662         0
       0.88408157349         1
       0.88447571707         1
       0.88557932047         1
        0.8870841137         1
       0.89086670541         1
       0.89112311028         0
       0.89253708125         0
       0.89674297897         1
       0.89680137274         0
       0.89694707996         0
       0.89765576182         0
        0.8977328215         1
       0.90064647515         0
       0.91120409439         1
       0.91696794572         1
       0.91751815481         1
       0.91809990805         1
       0.91815407376         0
        0.9184917339         0
       0.92022587503         1
         0.920357463         1
       0.92062257939         0
       0.92176442074         0
       0.92263993165         0
       0.92640630669         1
       0.92952423429         1
       0.93258365033         1
       0.93342111109         0
       0.93425459311         1
       0.93683803002         0
       0.93769175958         0
       0.93839830604         1
       0.93877442734         1
       0.93970956236         1
       0.94028212893         1
       0.94503218475         1
       0.94697792117         1
       0.94810566182         0
       0.95629076495         0
       0.95813746857         1
       0.96129434171         1
       0.96253219215         1
       0.96340880557         0
       0.96395730598         0
       0.96460141743         1
        0.9648625711         0
       0.96722020413         0
        0.9691504162         1
       0.97120127709         1
       0.97346277547         0
       0.97528654042         0
       0.97579706497         0
       0.97938933451         1
       0.97944078859         1
       0.98175543197         1
       0.98202637247         0
       0.98219902587         1
       0.98570579944         1
       0.98577653765         1
        0.9883572724         0
       0.99387247307         1
       0.99397862341         0
       0.99555013879         1
       0.99732698349         1
       0.99786392768         1
        1.0001582746         1
        1.0043310554         0
        1.0058694222         1
        1.0073757739         0
        1.0076340458         1
        1.0108636166         1
        1.0114236069         0
        1.0130748037         1
        1.0138186542         1
        1.0172522979         0
        1.0177750896         1
         1.018885221         1
        1.0212849159         0
        1.0221122616         0
        1.0221684357         1
        1.0277467088         0
        1.0281356679         1
        1.0305982055         1
        1.0313776146         1
        1.0331018607         1
        1.0347453544         1
        1.0351867115         1
        1.0383417885         1
        1.0389649381         0
        1.0417448127         1
        1.0425089546         1
        1.0427118256         1
        1.0430454966         1
        1.0434644666         0
        1.0440496636         1
        1.0482606562         1
        1.0484318072         0
        1.0503951989         0
        1.0539432316         1
        1.0543710779         1
        1.0544444796         1
        1.0551457067         1
        1.0575089902         1
        1.0582803761         1
        1.0599659753         1
        1.0602787484         1
        1.0605233471         1
        1.0610505123         1
        1.0620241757         0
         1.062718533         1
        1.0629269395         1
        1.0680492188         0
        1.0682337921         1
        1.0693883773         1
        1.0738351579         1
        1.0803434168         1
         1.082728254         0
        1.0831221183         1
        1.0849329449         1
        1.0881166298         1
        1.0885070736         0
        1.0891059017         1
        1.0919773148         1
        1.0929822112         1
        1.0947664188         1
        1.0955832204         1
        1.0957486744         0
        1.0971362561         1
        1.0972235228         1
        1.0972507258         1
        1.0974316042         1
        1.1032943877         1
        1.1057503553         1
        1.1075968014         1
        1.1091172877         1
        1.1119446148         1
        1.1123945832         1
        1.1126122355         1
        1.1130568311         1
         1.114930331         0
        1.1155827209         1
        1.1161114976         0
        1.1165573687         1
        1.1208744113         1
        1.1222047603         0
        1.1262668491         1
        1.1288958403         1
        1.1295924696         1
        1.1297462347         1
         1.130251892         1
        1.1311320044         1
        1.1334700317         1
        1.1365261093         1
        1.1373935186         0
        1.1392966815         1
        1.1409427671         0
        1.1422785684         1
        1.1423955093         1
        1.1424807457         0
        1.1425001877         1
        1.1441432274         1
        1.1475805751         1
        1.1484901195         1
        1.1535833152         0
        1.1549088774         0
        1.1559419653         1
        1.1561896614         1
        1.1573246445         1
        1.1578124479         1
        1.1596506248         1
        1.1612728407         1
        1.1636487378         1
        1.1641207043         1
        1.1642686945         1
        1.1688859171         1
        1.1702175337         1
        1.1708117385         1
        1.1726687806         1
        1.1737655654         1
        1.1751492545         1
        1.1770417279         1
        1.1785187996         1
         1.179309882         1
        1.1798658634         1
        1.1841345144         1
        1.1873712325         1
        1.1911601051         1
        1.1926474341         1
        1.1942470149         1
        1.1956160174         1
        1.1962527821         1
        1.1980187365         1
        1.2039081642         1
        1.2048572442         1
        1.2058136377         1
        1.2101781375         1
        1.2121971386         1
        1.2146773568         1
        1.2159300441         1
        1.2170396361         1
        1.2184018668         1
        1.2262173586         1
        1.2354984632         1
        1.2369552584         1
        1.2376714526         1
        1.2383549595         1
        1.2387648422         1
        1.2407807257         0
        1.2448039715         1
        1.2486592195         0
        1.2499880359         1
        1.2545057232         1
        1.2545176938         1
        1.2565011902         1
        1.2604211409         1
        1.2607270272         1
        1.2620215043         1
        1.2639147192         1
        1.2652829647         0
        1.2665831525         1
        1.2686360328         0
        1.2701405994         0
        1.2725608582         0
        1.2728118342         1
        1.2734640271         1
        1.2737172591         1
        1.2754024092         1
         1.277645151         1
        1.2782113285         1
         1.279425152         1
        1.2816231163         1
        1.2901928015         0
        1.2916069027         1
        1.2933840438         0
        1.2938334591         1
        1.2942492633         0
        1.2979192531         1
        1.2991516312         1
        1.2998680472         1
        1.3003507448         1
        1.3108063886         1
        1.3120859069         1
        1.3123634554         1
        1.3158268662         1
        1.3178387949         0
        1.3188687632         1
        1.3196322031         1
         1.320145819         1
        1.3241089875         1
        1.3267095981         1
        1.3292598113         1
         1.332887649         1
        1.3336440888         1
         1.333657076         1
        1.3365610467         1
        1.3384390353         1
        1.3395960924         0
        1.3397269796         1
        1.3409659751         1
        1.3416833084         1
         1.347913037         1
        1.3544512454         1
        1.3579711219         1
        1.3591367856         1
        1.3595425655         1
        1.3641023304         1
        1.3657621817         1
        1.3731510657         1
        1.3789378176         1
        1.3804840596         1
        1.3823743612         1
        1.3882384447         1
        1.3930051442         1
        1.3948512923         1
        1.3951655204         1
        1.3953166442         1
        1.4006553484         1
        1.4010263876         1
        1.4015857884         1
        1.4111134419         1
        1.4119660536         1
        1.4140277689         1
        1.4163429509         1
        1.4165168314         1
        1.4168921192         1
        1.4179766845         1
        1.4188506195         1
        1.4200485895         1
        1.4213518502         1
        1.4238430608         1
        1.4244101122         1
        1.4254719026         1
        1.4266846667         1
        1.4270697652         0
        1.4384324801         1
        1.4402359648         1
        1.4426391185         1
        1.4443365082         1
        1.4463502312         1
        1.4555767155         1
        1.4562479059         1
        1.4606545772         1
        1.4613324075         1
        1.4720822819         1
        1.4724145379         1
        1.4735471948         1
        1.4784145321         1
         1.481702595         1
        1.4827850244         0
        1.4841386487         1
        1.4860062543         1
        1.4881879041         1
          1.48896803         1
        1.4895962287         0
        1.4901352327         0
        1.4910572358         1
        1.4920262944         1
        1.4926111727         1
        1.4943576345         1
         1.494619108         1
         1.495873988         1
        1.4967487622         1
        1.5021751391         1
        1.5057346427         1
        1.5101484125         1
        1.5131215167         1
        1.5135825491         1
        1.5190973813         1
        1.5296685892         1
        1.5395507045         1
        1.5398562473         1
        1.5401377508         1
        1.5402706405         1
        1.5416740417         1
        1.5419435661         1
        1.5426685114         1
        1.5452287257         1
        1.5476502773         1
        1.5477837691         1
        1.5485934221         1
          1.54865208         1
        1.5500809504         1
        1.5513368222         1
        1.5515707773         1
        1.5524679911         1
        1.5548410925         0
        1.5573483712         1
        1.5630016227         1
        1.5653880155         1
        1.5677827205         1
        1.5699655502         1
        1.5710018873         1
        1.5711226523         1
        1.5758839648         1
        1.5775052311         1
        1.5838707778         1
        1.5845559099         1
        1.5854821895         1
        1.5862877746         1
        1.5904744461         1
        1.5917432772         1
        1.5918499158         1
        1.5936225116         1
        1.5943682427         1
        1.5957744595         1
        1.5975266502         0
        1.5994623728         1
        1.6031440744         1
        1.6064753724         1
        1.6175135265         1
        1.6182339972         0
        1.6189825647         1
        1.6194575692         1
        1.6236211487         1
        1.6278021629         1
        1.6279789574         1
        1.6298349088         1
        1.6302823522         1
        1.6308945775         1
        1.6312618762         1
         1.637153244         1
        1.6379330182         0
        1.6394122988         1
        1.6457287655         1
        1.6468022321         1
        1.6479626186         1
        1.6490585861         1
        1.6492963832         1
        1.6505531759         0
        1.6521739295         1
        1.6530673186         0
        1.6532932802         1
        1.6543779654         0
        1.6564695093         1
        1.6591413266         1
        1.6595363118         1
        1.6600061273         1
        1.6607536803         1
        1.6607619421         1
        1.6621309282         1
          1.66424885         0
        1.6644326382         1
        1.6648377209         0
        1.6688443625         1
        1.6696138437         1
        1.6698063556         1
        1.6711780322         1
        1.6715288439         1
        1.6715817625         1
        1.6729275966         1
        1.6742599282         1
        1.6790001612         1
        1.6843956226         1
         1.684506015         1
          1.68607134         1
        1.6867544093         1
        1.6887177699         1
        1.6905560745         1
        1.6912285675         1
        1.6937407159         1
        1.6997733685         1
        1.7011094359         1
        1.7025566459         1
         1.703966105         0
        1.7060569033         1
        1.7069436975         1
        1.7094541939         1
        1.7123681321         1
        1.7130381948         1
        1.7148442214         1
        1.7168839209         1
        1.7211051577         1
        1.7211595904         1
         1.725296312         1
        1.7265833088         1
        1.7266880705         1
        1.7301810881         1
        1.7314544106         1
        1.7343232618         1
        1.7350250715         1
        1.7356532073         1
        1.7357477178         0
        1.7358514202         1
        1.7376220321         1
        1.7411083223         1
        1.7454714667         1
        1.7455267769         1
         1.745998671         1
        1.7480604065         1
        1.7498593404         1
        1.7500173455         1
        1.7517316531         1
        1.7563067834         1
        1.7563904124         1
        1.7608536773         1
         1.761825103         1
        1.7634245728         1
        1.7641703215         1
        1.7667289126         1
         1.767959655         1
        1.7692057307         1
        1.7766257132         1
        1.7845020783         1
        1.7849252313         1
        1.7886949327         1
        1.7929197518         1
         1.794547249         1
        1.7950041989         1
        1.7976505144         1
        1.7998524115         1
        1.8001987361         1
        1.8013732299         1
        1.8072595649         1
        1.8079540471         1
        1.8090389091         1
        1.8092312051         1
        1.8096605403         1
         1.809909638         0
        1.8162370885         1
        1.8222396413         1
        1.8276843588         1
        1.8322471205         1
         1.833456495         1
        1.8339636222         1
        1.8389486208         1
        1.8413223049         1
         1.841805891         1
        1.8418147393         1
         1.843113847         1
         1.844501729         1
        1.8465737905         1
        1.8488998337         1
        1.8564752149         1
        1.8597968547         1
        1.8622074789         1
        1.8664583563         1
        1.8672978391         1
        1.8686964761         1
        1.8733601295         1
          1.87676432         1
        1.8796093761         1
        1.8799732107         1
        1.8813213941         1
        1.8825258687         1
        1.8849785666         1
        1.8857144373         1
        1.8903344002         1
        1.8904161305         1
        1.8925130656         1
        1.9026668626         1
        1.9030895299         1
        1.9032849221         1
        1.9062407432         1
        1.9079533973         1
        1.9093204904         1
        1.9117454695         1
        1.9130578288         1
        1.9138163914         1
         1.914653206         1
         1.920978618         1
        1.9223587109         1
        1.9230799114         1
        1.9233145768         1
        1.9274981713         1
        1.9275426923         1
        1.9288437125         1
        1.9296529797         1
        1.9298135876         1
        1.9307646849         1
        1.9321543111         1
        1.9328013694         1
        1.9330207522         1
        1.9345676285         1
        1.9357384685         1
        1.9370262686         1
        1.9400952143         1
         1.940441766         1
        1.9425229153         1
        1.9464899742         1
        1.9468828962         1
        1.9471387076         1
        1.9497914269         1
        1.9504826362         1
         1.955655736         1
        1.9556676891         1
        1.9573625966         1
        1.9626548415         1
        1.9667548057         1
        1.9677011456         1
        1.9677882262         1
        1.9683835601         1
        1.9684879611         1
        1.9698454882         1
        1.9737927777         1
        1.9739363909         1
        1.9744172321         1
        1.9812024329         1
         1.982565871         1
        1.9829940071         1
        1.9836208168         1
        1.9849980669         1
        1.9857099711         1
        1.9881500059         1
        1.9894226748         1
        1.9961308237         1
        1.9983867725         1
        1.9997316339         1
