                   0                   0
      0.049048782177      0.068181818182
       0.14897168227      0.076923076923
       0.20042816926       0.20338983051
       0.31719248757                0.25
       0.32771347815              0.3125
       0.36273228491               0.375
       0.42990165135       0.38461538462
        0.4561960294       0.46835443038
       0.59728217007                 0.5
       0.66607770064              0.5625
       0.72950177963       0.66666666667
       0.76199583197       0.67123287671
        1.0281356679       0.76470588235
        1.0539432316       0.80597014925
        1.1559419653       0.87323943662
        1.2979192531       0.88888888889
        1.3188687632       0.91139240506
        1.6688443625       0.94871794872
        1.7358514202       0.97222222222
        1.8162370885                   1
                   2                   1
