                0.02                   0      0.018140647349
                0.04       0.01945190397      0.056088790938
                0.06      0.029270872968      0.083967559753
                0.08      0.039197576921        0.1116448087
                 0.1      0.049129270693       0.13865880769
                0.12      0.059158823032        0.1646979234
                0.14       0.06931144661       0.18989641938
                0.16      0.079610472188       0.21417264996
                0.18      0.090076035259       0.23746485703
                 0.2       0.10072402688       0.25973144073
                0.22        0.1115642125       0.28194260303
                0.24       0.12328565682       0.30439986583
                0.26       0.13594336156       0.32628043184
                0.28       0.14690393705       0.34762110434
                 0.3       0.15697991712       0.36846512392
                0.32       0.16888324096       0.38989825803
                0.34       0.18101772613        0.4118620946
                0.36       0.19338849353       0.43346360788
                0.38       0.20599688462       0.45466899629
                 0.4         0.218839634       0.47706577996
                0.42        0.2319104743       0.49893624516
                0.44       0.24520427528       0.51547114141
                0.46        0.2587258457       0.53462551962
                0.48       0.27678898261       0.55314104878
                 0.5       0.29573937594       0.57097920185
                0.52       0.31182013035       0.59089838877
                0.54       0.32449680873       0.61545882707
                0.56       0.34008579282       0.63969452831
                0.58       0.36023854538       0.66351632783
                 0.6       0.38069272747       0.68682264782
                0.62       0.40139094739       0.70728903286
                0.64       0.42227576278       0.72247633342
                0.66       0.44032732484       0.73424721075
                0.68        0.4558032889       0.74524875615
                 0.7       0.47093407029       0.75548673947
                0.72       0.48565891552        0.7668673325
                0.74       0.49991845931        0.7812792843
                0.76       0.52239275171       0.79485896877
                0.78       0.54545813289       0.80760937826
                 0.8       0.55579309539       0.81953789642
                0.82       0.56406789624       0.83065583486
                0.84       0.57196049342       0.84097799663
                0.86       0.58564100766       0.84742882744
                0.88       0.60224396465       0.85312313679
                 0.9       0.61096418758       0.85821236846
                0.92         0.618661865       0.86277621778
                0.94       0.63362263356       0.86689164621
                0.96       0.64991070307       0.87063164813
                0.98       0.66253263577       0.87467117804
                   1       0.67218203615       0.88366886703
                1.02       0.68203025404       0.89044271925
                1.04       0.69206203558       0.89260409149
                1.06       0.70225770092       0.89475859141
                1.08       0.71259415981       0.89801875557
                 1.1       0.71998022563       0.90406254452
                1.12       0.72537072299        0.9099056921
                1.14       0.72537072299       0.91682113893
                1.16       0.72603109868       0.92157268743
                1.18       0.72838900202       0.92357078632
                 1.2       0.72838900202       0.92666469597
                1.22       0.72838900202       0.92993206059
                1.24       0.72838900202       0.93288828232
                1.26       0.72838900202       0.93558312115
                1.28       0.72838900202       0.93875323152
                 1.3       0.72838900202       0.94227757637
                1.32       0.72838900202        0.9455972354
                1.34       0.72838900202       0.94872571955
                1.36       0.73933541832       0.95167517949
                1.38       0.75515796844       0.95445599543
                 1.4       0.77001047905        0.9570762504
                1.42       0.78390475116       0.95954168997
                1.44       0.79689360664       0.96185817964
                1.46       0.79909066686       0.96403308674
                1.48       0.80730458296       0.96637505009
                 1.5       0.80730458296       0.96896871761
                1.52       0.80730458296       0.97138110471
                1.54       0.80730458296       0.97362904752
                1.56       0.80730458296       0.97517756727
                1.58       0.80730458296       0.97564830108
                 1.6       0.80730458296       0.97617348691
                1.62       0.80730458296       0.97753765425
                1.64       0.80730458296       0.97890175537
                1.66       0.80730458296       0.98023091206
                1.68       0.80730458296       0.98153300135
                 1.7       0.80730458296       0.98281462583
                1.72       0.80730458296       0.98408089713
                1.74       0.80730458296       0.98533077854
                1.76       0.80730458296       0.98656118634
                1.78       0.80730458296       0.98777041262
                 1.8       0.80730458296       0.98895786479
                1.82       0.80730458296       0.99012391586
                1.84       0.80730458296       0.99126977835
                1.86       0.80730458296       0.99239744766
                1.88       0.80730458296       0.99350938199
                 1.9       0.80730458296       0.99460828871
                1.92       0.80730458296       0.99569696853
                1.94       0.80730458296       0.99677816096
                1.96       0.80730458296       0.99785439296
                1.98       0.80730458296       0.99892780733
