       0.01270364644         0
      0.014567532577         0
      0.044734309893         0
      0.062508236151         0
      0.073837263975         0
       0.13463481469         0
       0.15419471869         0
       0.20300860424         0
       0.21311424114         0
       0.22555361455         1
       0.24965840718         0
       0.26015221281         0
       0.26041008346         0
       0.26476879558         0
       0.27344636573         0
        0.2785724788         0
       0.31339713885         0
        0.3141966234         0
       0.31448203744         1
        0.3269164674         0
       0.33622070402         0
       0.37237403868         0
       0.37890796829         0
       0.39054089831         1
       0.46743802074         0
       0.47275971482         1
        0.5523209502         1
        0.5587263098         0
       0.56057993043         0
       0.59799344605         1
       0.59877658123         1
       0.60124242492         1
        0.6019962579         1
       0.64297494851         0
       0.68231695518         1
       0.69754248252         1
       0.70111369435         0
       0.71300036833         1
       0.78089084383         0
       0.79285929957         0
        0.8323939722         1
       0.85294689005         1
       0.85679036099         1
       0.91028583469         1
       0.91138625704         1
       0.93253727769         1
       0.93379268097         0
       0.94653478358         1
       0.95254921587         1
       0.96363537386         1
       0.99135858892         1
        1.0070074517         1
        1.0311311684         1
        1.0834515775         1
         1.112600612         1
        1.1344449655         1
         1.136560692         0
         1.139389215         1
        1.1571740606         1
        1.1969969356         1
        1.2124096705         0
        1.2199727185         1
        1.2221243354         1
        1.2450738247         1
        1.2533634109         1
        1.2542459266         1
        1.3034415324         1
         1.334501293         1
        1.3705195496         1
        1.3796529942         1
         1.381493052         1
        1.4094698238         1
        1.4325378658         1
         1.451137057         1
        1.4747853726         1
        1.4825905715         1
        1.4979870333         0
        1.5026050671         1
        1.5194675922         1
        1.5875204932         1
        1.6103986995         0
        1.6581372833         1
        1.6637648218         1
         1.679293267         1
         1.692109081         1
        1.7084977506         1
          1.72522781         1
        1.7354960148         1
        1.7649204163         1
        1.7702549282         1
        1.8108325014         1
         1.879611731         1
        1.8808888453         1
        1.8980383147         1
        1.9332490251         1
        1.9417101364         1
        1.9492013631         1
        1.9790807776         1
        1.9815909611         1
        1.9845638243         1
