               0.002       0.32062551639
               0.004       0.32825557371
               0.006        0.3358491369
               0.008       0.34340652972
                0.01       0.35092807128
               0.012       0.35841407606
               0.014       0.36586485395
               0.016       0.37328071029
               0.018       0.38066194585
                0.02       0.38800885697
               0.022       0.39532173551
               0.024       0.40260086891
               0.026       0.40984654027
               0.028       0.41705902836
                0.03       0.42423860769
               0.032       0.43138554854
               0.034         0.438500117
               0.036       0.44558257506
               0.038       0.45263318062
                0.04       0.45965218766
               0.042       0.46663984641
               0.044       0.47359640343
               0.046       0.48052210164
               0.048       0.48741718047
                0.05       0.49428187585
               0.052       0.50111642029
               0.054       0.50792104301
               0.056       0.51469596994
               0.058       0.52144142382
                0.06       0.52815762425
               0.062       0.53484478778
               0.064       0.54150312797
               0.066       0.54813285545
               0.068       0.55473417798
                0.07       0.56130730053
               0.072       0.56785242535
               0.074       0.57436975202
               0.076       0.58085947752
               0.078        0.5873217963
                0.08       0.59375690031
               0.082       0.60016497913
               0.084       0.60654621996
               0.086       0.61290080771
               0.088       0.61922892509
                0.09        0.6255307526
               0.092       0.63180646866
               0.094       0.63805624962
               0.096       0.64428026984
               0.098       0.65047870171
                 0.1       0.65665171577
               0.102        0.6627994807
               0.104       0.66892216341
               0.106       0.67501992908
               0.108       0.68109294119
                0.11       0.68714136162
               0.112       0.69316535065
               0.114       0.69916506704
               0.116       0.70514066805
               0.118       0.71109230951
                0.12       0.71702014584
               0.122       0.72292433014
               0.124       0.72880501417
               0.126       0.73466234843
               0.128       0.74049648221
                0.13       0.74630756359
               0.132       0.75209573951
               0.134       0.75786115581
               0.136       0.76360395723
               0.138       0.76932428751
                0.14       0.77502228936
               0.142       0.78069810451
               0.144       0.78635187377
               0.146       0.79198373704
               0.148       0.79759383334
                0.15       0.80318230083
               0.152       0.80874927686
               0.154         0.814294898
               0.156       0.81981930004
               0.158       0.82532261801
                0.16       0.83080498625
               0.162       0.83626653839
               0.164        0.8417074074
               0.166       0.84712772557
               0.168       0.85252762459
                0.17        0.8579072355
               0.172       0.86326668878
               0.174        0.8686061143
               0.176       0.87392564138
               0.178       0.87922539878
                0.18       0.88450551474
               0.182       0.88976611697
               0.184       0.89500733264
               0.186       0.90022928184
               0.188       0.90543205544
                0.19       0.91061573874
               0.192       0.91578042003
               0.194       0.92092619042
               0.196       0.92605314381
               0.198       0.93116137669
                 0.2       0.93625098809
               0.202       0.94132207957
               0.204       0.94637475528
               0.206        0.9514091219
               0.208       0.95642528856
                0.21       0.96142336672
               0.212       0.96640347015
               0.214       0.97136571476
               0.216       0.97631021862
               0.218       0.98123710181
                0.22       0.98614648639
               0.222        0.9910384963
               0.224       0.99591325731
               0.226        1.0007708969
               0.228        1.0056115444
                0.23        1.0104353305
               0.232        1.0152423877
               0.234        1.0200328499
               0.236        1.0248068524
               0.238         1.029564532
                0.24        1.0343060267
               0.242        1.0390314759
               0.244        1.0437410201
               0.246        1.0484348011
               0.248        1.0531129617
                0.25        1.0577756459
               0.252        1.0624229986
               0.254        1.0670551658
               0.256        1.0716722943
               0.258        1.0762745319
                0.26        1.0808620272
               0.262        1.0854349295
               0.264         1.089993389
               0.266        1.0945375566
               0.268        1.0990675838
                0.27        1.1035836228
               0.272        1.1080858264
               0.274        1.1125743478
               0.276         1.117049341
               0.278        1.1215109602
                0.28        1.1259593603
               0.282        1.1303946965
               0.284        1.1348171242
               0.286        1.1392267994
               0.288        1.1436238784
                0.29        1.1480085175
               0.292        1.1523808736
               0.294        1.1567411035
               0.296        1.1610893642
               0.298        1.1654258131
                 0.3        1.1697506074
               0.302        1.1740639045
               0.304        1.1783658619
               0.306         1.182656637
               0.308        1.1869363871
                0.31        1.1912052696
               0.312        1.1954634417
               0.314        1.1997110606
               0.316        1.2039482833
               0.318        1.2081752663
                0.32        1.2123921664
               0.322        1.2165991397
               0.324        1.2207963422
               0.326        1.2249839296
               0.328        1.2291620572
                0.33        1.2333308798
               0.332         1.237490552
               0.334        1.2416412276
               0.336        1.2457830603
               0.338        1.2499162029
                0.34         1.254040808
               0.342        1.2581570271
               0.344        1.2622650116
               0.346        1.2663649118
               0.348        1.2704568774
                0.35        1.2745410576
               0.352        1.2786176003
               0.354         1.282686653
               0.356        1.2867483621
               0.358        1.2908028732
                0.36        1.2948503308
               0.362        1.2988908785
               0.364        1.3029246588
               0.366        1.3069518131
               0.368        1.3109724817
                0.37        1.3149868037
               0.372        1.3189949169
               0.374        1.3229969579
               0.376         1.326993062
               0.378         1.330983363
                0.38        1.3349679932
               0.382        1.3389470837
               0.384        1.3429207638
               0.386        1.3468891612
               0.388        1.3508524022
                0.39        1.3548106111
               0.392        1.3587639105
               0.394        1.3627124213
               0.396        1.3666562623
               0.398        1.3705955505
                 0.4        1.3745304008
               0.402         1.378460926
               0.404        1.3823872368
               0.406        1.3863094415
               0.408        1.3902276465
                0.41        1.3941419563
               0.412        1.3980524745
               0.414        1.4019593036
               0.416         1.405862545
               0.418        1.4097622988
                0.42        1.4136586641
               0.422        1.4175517389
               0.424        1.4214416199
               0.426        1.4253284026
               0.428        1.4292121814
                0.43        1.4330930497
               0.432        1.4369710998
               0.434        1.4408464229
               0.436         1.444719109
               0.438        1.4485892472
                0.44        1.4524569251
               0.442        1.4563222295
               0.444        1.4601852457
               0.446         1.464046058
               0.448        1.4679047492
                0.45         1.471761401
               0.452        1.4756160938
               0.454        1.4794689066
               0.456        1.4833199171
               0.458        1.4871692015
                0.46        1.4910168348
               0.462        1.4948628903
               0.464        1.4987074401
               0.466        1.5025505545
               0.468        1.5063923025
                0.47        1.5102327514
               0.472         1.514071967
               0.474        1.5179100133
               0.476        1.5217469528
               0.478        1.5255828462
                0.48        1.5294177524
               0.482        1.5332517285
               0.484          1.53708483
               0.486        1.5409171107
               0.488        1.5447486229
                0.49        1.5485794176
               0.492        1.5524095443
               0.494         1.556239051
               0.496        1.5600679843
               0.498        1.5638963892
                 0.5        1.5677243092
               0.502        1.5715517862
               0.504        1.5753788607
               0.506        1.5792055714
               0.508        1.5830319553
                0.51        1.5868580479
               0.512         1.590683883
               0.514        1.5945094925
               0.516        1.5983349069
               0.518        1.6021601546
                0.52        1.6059852624
               0.522         1.609810255
               0.524        1.6136351556
               0.526        1.6174599852
               0.528         1.621284763
                0.53        1.6251095063
               0.532        1.6289342303
               0.534        1.6327589481
               0.536         1.636583671
               0.538        1.6404084079
                0.54        1.6442331656
               0.542         1.648057949
               0.544        1.6518827605
               0.546        1.6557076004
               0.548        1.6595324665
                0.55        1.6633573545
               0.552        1.6671822575
               0.554        1.6710071664
               0.556        1.6748320695
               0.558        1.6786569526
                0.56         1.682481799
               0.562        1.6863065893
               0.564        1.6901313015
               0.566        1.6939559109
               0.568          1.69778039
                0.57        1.7016047086
               0.572        1.7054288336
               0.574        1.7092527291
               0.576        1.7130763573
               0.578        1.7168996777
                0.58        1.7207226481
               0.582        1.7245452239
               0.584        1.7283673581
               0.586        1.7321890017
               0.588        1.7360101033
                0.59        1.7398306093
               0.592        1.7436504637
               0.594        1.7474696082
               0.596        1.7512879822
               0.598        1.7551055227
                 0.6        1.7589221642
               0.602        1.7627378391
               0.604        1.7665524769
               0.606        1.7703660051
               0.608        1.7741783486
                0.61        1.7779894296
               0.612         1.781799168
               0.614        1.7856074812
               0.616        1.7894142839
               0.618        1.7932194884
                0.62        1.7970230042
               0.622        1.8008247384
               0.624        1.8046246024
               0.626        1.8084225471
               0.628        1.8122185363
                0.63         1.816012533
               0.632        1.8198044987
               0.634        1.8235943938
               0.636        1.8273821769
               0.638        1.8311678057
                0.64        1.8349512359
               0.642        1.8387324219
               0.644        1.8425113165
               0.646        1.8462878708
               0.648        1.8500620342
                0.65        1.8538337545
               0.652        1.8576029775
               0.654        1.8613696472
               0.656        1.8651337058
               0.658        1.8688950936
                0.66        1.8726537489
               0.662        1.8764096079
               0.664        1.8801626048
               0.666        1.8839126717
               0.668        1.8876597387
                0.67        1.8914037336
               0.672        1.8951445818
               0.674        1.8988822069
               0.676        1.9026165299
               0.678        1.9063474694
                0.68        1.9100749419
               0.682        1.9137988615
               0.684        1.9175191396
               0.686        1.9212356854
               0.688        1.9249484054
                0.69        1.9286572039
               0.692        1.9323619824
               0.694        1.9360626397
               0.696        1.9397590724
               0.698        1.9434511742
                 0.7        1.9471388361
               0.702        1.9508219465
               0.704         1.954500391
               0.706        1.9581740528
               0.708        1.9618428118
                0.71        1.9655065456
               0.712        1.9691651287
               0.714        1.9728184329
               0.716        1.9764663271
               0.718        1.9801086775
                0.72        1.9837453473
               0.722        1.9873761967
               0.724        1.9910010833
               0.726        1.9946198614
               0.728        1.9982323826
                0.73        2.0018384956
               0.732         2.005438046
               0.734        2.0090308766
               0.736         2.012616827
               0.738        2.0161957339
                0.74        2.0197674312
               0.742        2.0233317495
               0.744        2.0268885167
               0.746        2.0304375575
               0.748        2.0339786937
                0.75         2.037511744
               0.752        2.0410365242
               0.754         2.044552847
               0.756        2.0480605223
               0.758        2.0515593568
                0.76        2.0550491543
               0.762        2.0585297156
               0.764        2.0620008386
               0.766        2.0654623181
               0.768        2.0689139462
                0.77        2.0723555119
               0.772        2.0757868013
               0.774        2.0792075975
               0.776        2.0826176809
               0.778        2.0860168291
                0.78        2.0894048165
               0.782        2.0927814151
               0.784        2.0961463939
               0.786         2.099499519
               0.788        2.1028405541
                0.79        2.1061692598
               0.792        2.1094853944
               0.794        2.1127887133
               0.796        2.1160789693
               0.798        2.1193559127
                 0.8        2.1226192914
               0.802        2.1258688504
               0.804        2.1291043326
               0.806        2.1323254783
               0.808        2.1355320256
                0.81        2.1387237101
               0.812        2.1419002652
               0.814        2.1450614221
               0.816        2.1482069098
               0.818        2.1513364551
                0.82        2.1544497829
               0.822        2.1575466161
               0.824        2.1606266754
               0.826          2.16368968
               0.828        2.1667353469
                0.83        2.1697633917
               0.832        2.1727735281
               0.834        2.1757654683
               0.836        2.1787389229
               0.838         2.181693601
                0.84        2.1846292105
               0.842        2.1875454578
               0.844        2.1904420481
               0.846        2.1933186856
               0.848        2.1961750734
                0.85        2.1990109135
               0.852        2.2018259071
               0.854        2.2046197546
               0.856        2.2073921558
               0.858        2.2101428097
                0.86        2.2128714151
               0.862          2.21557767
               0.864        2.2182612725
               0.866        2.2209219212
               0.868        2.2235593165
                0.87        2.2261731601
               0.872         2.228763156
               0.874        2.2313290099
               0.876        2.2338704298
               0.878        2.2363871258
                0.88        2.2388788105
               0.882        2.2413451991
               0.884        2.2437860093
               0.886        2.2462009617
               0.888        2.2485897799
                0.89        2.2509521904
               0.892        2.2532879233
               0.894        2.2555967117
               0.896        2.2578782924
               0.898         2.260132406
                 0.9        2.2623587966
               0.902        2.2645572126
               0.904        2.2667274063
               0.906        2.2688691344
               0.908        2.2709821579
                0.91        2.2730662424
               0.912        2.2751211583
               0.914        2.2771466809
               0.916        2.2791425902
               0.918        2.2811086719
                0.92        2.2830447164
               0.922        2.2849505202
               0.924        2.2868258849
               0.926        2.2886706182
               0.928        2.2904845336
                0.93        2.2922674506
               0.932        2.2940191951
               0.934        2.2957395993
               0.936        2.2974285017
               0.938        2.2990857478
                0.94        2.3007111897
               0.942        2.3023046865
               0.944        2.3038661043
               0.946        2.3053953165
               0.948        2.3068922039
                0.95        2.3083566547
               0.952        2.3097885649
               0.954         2.311187838
               0.956        2.3125543856
               0.958        2.3138881274
                0.96        2.3151889909
               0.962        2.3164569121
               0.964        2.3176918354
               0.966        2.3188937138
               0.968        2.3200625085
                0.97        2.3211981898
               0.972        2.3223007367
               0.974        2.3233701372
               0.976        2.3244063882
               0.978        2.3254094958
                0.98        2.3263794752
               0.982        2.3273163511
               0.984        2.3282201573
               0.986        2.3290909372
               0.988        2.3299287438
                0.99        2.3307336396
               0.992        2.3315056967
               0.994        2.3322449968
               0.996        2.3329516316
               0.998        2.3336257025
                   1        2.3342673206
               1.002         2.334876607
               1.004        2.3354536927
               1.006        2.3359987184
               1.008         2.336511835
                1.01        2.3369932032
               1.012        2.3374429936
               1.014        2.3378613866
               1.016        2.3382485728
               1.018        2.3386047525
                1.02        2.3389301359
               1.022        2.3392249429
               1.024        2.3394894034
               1.026        2.3397237588
               1.028        2.3399282628
                1.03        2.3401031817
               1.032        2.3402487943
               1.034        2.3403653922
               1.036        2.3403343033
               1.038        2.3403806851
                1.04        2.3403979961
               1.042        2.3403865276
               1.044        2.3403465775
               1.046        2.3402784511
               1.048        2.3401824603
                1.05        2.3400589237
               1.052        2.3399081668
               1.054        2.3397305217
               1.056        2.3395263271
               1.058        2.3392959282
                1.06        2.3390396765
               1.062          2.33875793
               1.064        2.3384510526
               1.066        2.3381194147
               1.068        2.3377633924
                1.07        2.3373833677
               1.072        2.3369797285
               1.074        2.3365528681
               1.076        2.3361031854
               1.078        2.3356310844
                1.08        2.3351369746
               1.082        2.3346212701
               1.084        2.3340843901
               1.086        2.3335267583
               1.088        2.3329488029
                1.09        2.3323509563
               1.092         2.331733655
               1.094        2.3310973393
               1.096        2.3304424532
               1.098         2.329769444
                 1.1        2.3290787624
               1.102        2.3283708617
               1.104         2.327646198
               1.106          2.32690523
               1.108        2.3261484184
                1.11        2.3253762256
               1.112        2.3245891161
               1.114         2.323787556
               1.116        2.3229720149
               1.118        2.3221429659
                1.12        2.3213008852
               1.122        2.3204462522
               1.124        2.3195795489
               1.126        2.3187012598
               1.128        2.3178118718
                1.13        2.3169118735
               1.132        2.3160017555
               1.134        2.3150820097
               1.136        2.3141531289
               1.138        2.3132156072
                1.14        2.3122699388
               1.142        2.3113166183
               1.144        2.3103561402
               1.146        2.3093889985
               1.148        2.3084156864
                1.15        2.3074366961
               1.152        2.3064525182
               1.154        2.3054636413
               1.156        2.3044705522
               1.158        2.3034737347
                1.16        2.3024736698
               1.162        2.3014708351
               1.164        2.3004657043
               1.166        2.2994587471
               1.168        2.2984504283
                1.17        2.2974412079
               1.172        2.2964315402
               1.174        2.2954218736
               1.176        2.2944126503
               1.178        2.2934043052
                1.18        2.2923972662
               1.182        2.2913919533
               1.184         2.290388778
               1.186        2.2893881431
               1.188        2.2883904422
                1.19        2.2873960615
               1.192        2.2864053858
               1.194        2.2854187995
               1.196        2.2844366863
               1.198        2.2834594293
                 1.2        2.2824874105
               1.202        2.2815210108
               1.204        2.2805606095
               1.206        2.2796065843
               1.208         2.278659311
                1.21        2.2777191631
               1.212         2.276786512
               1.214        2.2758617262
               1.216        2.2749451714
               1.218        2.2740372104
                1.22        2.2731382022
               1.222        2.2722485027
               1.224        2.2713684635
               1.226        2.2704984325
               1.228        2.2696387529
                1.23        2.2687897635
               1.232        2.2679517982
               1.234        2.2671251858
               1.236        2.2663102497
               1.238        2.2655073079
                1.24        2.2647166723
               1.242        2.2639386488
               1.244         2.263173537
               1.246        2.2624216299
               1.248        2.2616832136
                1.25        2.2609585672
               1.252        2.2602479625
               1.254        2.2595516637
               1.256        2.2588699272
               1.258        2.2582030017
                1.26        2.2575511272
               1.262        2.2569145366
               1.264        2.2562935563
               1.266         2.255688691
               1.268        2.2551004616
                1.27        2.2545293853
               1.272        2.2539759757
               1.274        2.2534407421
               1.276        2.2529241893
               1.278        2.2524268177
                1.28        2.2519491227
               1.282        2.2514915944
               1.284        2.2510547178
               1.286        2.2506389717
               1.288        2.2502448292
                1.29        2.2498727572
               1.292        2.2495232159
               1.294        2.2491966589
               1.296        2.2488935326
               1.298        2.2486142763
                 1.3        2.2483593216
               1.302        2.2481290925
               1.304        2.2479240049
               1.306        2.2477444663
               1.308         2.247590876
                1.31        2.2474636242
               1.312        2.2473630926
               1.314        2.2472896532
               1.316        2.2472436692
               1.318        2.2472254938
                1.32        2.2472354706
               1.322        2.2472739332
               1.324         2.247341205
               1.326        2.2474375991
               1.328        2.2475634183
                1.33        2.2477189545
               1.332         2.247904489
               1.334        2.2481202922
               1.336        2.2483666233
               1.338        2.2486437307
                1.34        2.2489518513
               1.342        2.2492912108
               1.344        2.2496620236
               1.346        2.2500644927
               1.348        2.2504988095
                1.35        2.2509651542
               1.352        2.2514637186
               1.354        2.2519948473
               1.356        2.2525589472
               1.358        2.2531564165
                1.36        2.2537876443
               1.362        2.2544530105
               1.364        2.2551528857
               1.366        2.2558876312
               1.368        2.2566575989
                1.37         2.257463131
               1.372        2.2583045604
               1.374        2.2591822101
               1.376        2.2600963939
               1.378        2.2610474155
                1.38        2.2620355694
               1.382        2.2630611403
               1.384        2.2641244035
               1.386        2.2652256249
               1.388        2.2663650608
                1.39        2.2675429585
               1.392        2.2687595563
               1.394        2.2700150833
               1.396        2.2713097601
               1.398         2.272643802
                 1.4        2.2740174222
               1.402        2.2754308332
               1.404        2.2768842473
               1.406        2.2783778771
               1.408        2.2799119362
                1.41        2.2814866402
               1.412        2.2831022067
               1.414         2.284758857
               1.416        2.2864568162
               1.418        2.2881963146
                1.42        2.2899775884
               1.422        2.2918008807
               1.424        2.2936664429
               1.426        2.2955745351
               1.428        2.2975254946
                1.43         2.299520188
               1.432        2.3015597356
               1.434        2.3036452673
               1.436        2.3057779206
               1.438        2.3079588415
                1.44        2.3101891833
               1.442        2.3124701073
               1.444        2.3148027822
               1.446        2.3171883842
               1.448        2.3196280967
                1.45        2.3221231104
               1.452        2.3246746231
               1.454        2.3272838395
               1.456         2.329951971
               1.458        2.3326802358
                1.46        2.3354698585
               1.462        2.3383220704
               1.464        2.3412381087
               1.466         2.344219217
               1.468        2.3472666447
                1.47        2.3503816472
               1.472        2.3535654855
               1.474        2.3568194264
               1.476        2.3601447417
               1.478        2.3635427089
                1.48        2.3670146104
               1.482        2.3705617335
               1.484        2.3741853707
               1.486        2.3778868188
               1.488        2.3816673793
                1.49        2.3855283581
               1.492        2.3894710652
               1.494         2.393496815
               1.496        2.3976069256
               1.498        2.4018027187
                 1.5        2.4060855201
               1.502        2.4104566588
               1.504         2.414917467
               1.506        2.4194692805
               1.508        2.4241134378
                1.51        2.4288512804
               1.512        2.4336841526
               1.514        2.4386134013
               1.516        2.4436403756
               1.518        2.4487664274
                1.52        2.4539929105
               1.522        2.4593211806
               1.524        2.4647525957
               1.526        2.4702885154
               1.528        2.4759303008
                1.53        2.4816793148
               1.532        2.4875369216
               1.534        2.4935044868
               1.536         2.499583377
               1.538        2.5057749602
                1.54        2.5120806051
               1.542        2.5185016815
               1.544          2.52503956
               1.546         2.531695612
               1.548        2.5384712099
                1.55        2.5453677317
               1.552        2.5523865636
               1.554        2.5595290999
               1.556        2.5667967437
               1.558        2.5741909068
                1.56        2.5817130101
               1.562        2.5893644834
               1.564        2.5971467661
               1.566        2.6050613073
               1.568         2.613109566
                1.57        2.6212930118
               1.572        2.6296131245
               1.574        2.6380713955
               1.576        2.6466693272
               1.578        2.6554084345
                1.58        2.6642902442
               1.582        2.6733162965
               1.584        2.6824881449
               1.586        2.6918073574
               1.588        2.7012755165
                1.59        2.7108942205
               1.592         2.720665084
               1.594        2.7305897386
               1.596        2.7406698342
               1.598        2.7509070393
                 1.6        2.7613030428
               1.602        2.7718595541
               1.604        2.7825783053
               1.606        2.7934610514
               1.608        2.8045095722
                1.61        2.8157256735
               1.612        2.8271111884
               1.614        2.8386679791
               1.616        2.8503979384
               1.618        2.8623029911
                1.62        2.8743850964
               1.622        2.8866462495
               1.624        2.8990884836
               1.626         2.911713872
               1.628         2.924524531
                1.63        2.9375226215
               1.632        2.9507103599
               1.634        2.9640900344
               1.636        2.9776639691
               1.638        2.9914343969
                1.64        3.0054035377
               1.642        3.0195736249
               1.644        3.0339469057
               1.646        3.0485256406
               1.648        3.0633121033
                1.65        3.0783085807
               1.652        3.0935173732
               1.654        3.1089407939
               1.656        3.1245811691
               1.658        3.1404408381
                1.66        3.1565221531
               1.662        3.1728274791
               1.664        3.1893591944
               1.666        3.2061196899
               1.668        3.2231113695
                1.67        3.2403366503
               1.672        3.2577979623
               1.674         3.275497749
               1.676        3.2934384668
               1.678         3.311622586
                1.68        3.3300525903
               1.682        3.3487309774
               1.684        3.3676602592
               1.686        3.3868429617
               1.688        3.4062816262
                1.69        3.4259788088
               1.692        3.4459370812
               1.694        3.4661590313
               1.696        3.4866472636
               1.698        3.5074043998
                 1.7        3.5284330793
               1.702        3.5497359604
               1.704        3.5713157208
               1.706        3.5931750582
               1.708        3.6153166921
                1.71         3.637743364
               1.712         3.660457839
               1.714        3.6834629073
               1.716        3.7067613849
               1.718         3.730356116
                1.72        3.7542499738
               1.722        3.7784458628
               1.724        3.8029467207
               1.726        3.8277555202
               1.728        3.8528752717
                1.73        3.8783090253
               1.732        3.9040598737
               1.734        3.9301309551
               1.736         3.956525456
               1.738        3.9832466148
                1.74        4.0102977252
               1.742        4.0376821401
               1.744        4.0654032758
               1.746        4.0934646163
               1.748         4.121869718
                1.75        4.1506222151
               1.752        4.1797258251
               1.754        4.2091843543
               1.756        4.2390017047
               1.758        4.2691818803
                1.76        4.2997289949
               1.762        4.3306472796
               1.764        4.3619410913
               1.766        4.3936149219
               1.768        4.4256734077
                1.77        4.4581213399
               1.772        4.4909636758
               1.774        4.5242055505
               1.776        4.5578522901
               1.778        4.5919094248
                1.78        4.6263827043
               1.782         4.661278113
               1.784        4.6966018868
               1.786         4.732360532
               1.788        4.7685608438
                1.79        4.8052099275
               1.792         4.842315221
               1.794        4.8798845184
               1.796        4.9179259961
               1.798        4.9564482398
                 1.8        4.9954602746
               1.802        5.0349715967
               1.804        5.0749922072
               1.806        5.1155326491
               1.808        5.1566040463
                1.81        5.1982181463
               1.812        5.2403873652
               1.814        5.2831248372
               1.816        5.3264444666
               1.818        5.3703609848
                1.82        5.4148900109
               1.822        5.4600481179
               1.824        5.5058529028
               1.826        5.5523230632
               1.828        5.5994784795
                1.83        5.6473403036
               1.832        5.6959310545
               1.834        5.7452747223
               1.836        5.7953968795
               1.838        5.8463248022
                1.84        5.8980876012
               1.842        5.9507163635
               1.844        6.0042443062
               1.846        6.0587069426
               1.848        6.1141422636
                1.85        6.1705909338
               1.852        6.2280965046
               1.854        6.2867056467
               1.856        6.3464684028
               1.858        6.4074384628
                1.86         6.469673464
               1.862        6.5332353194
               1.864         6.598190576
               1.866        6.6646108062
               1.868        6.7325730378
                1.87        6.8021585955
               1.872        6.8734445362
               1.874        6.9465089586
               1.876        7.0214349672
               1.878        7.0983110904
                1.88        7.1772317314
               1.882        7.2582976655
               1.884        7.3416165884
               1.886        7.4273037223
               1.888        7.5154824876
                1.89        7.6062852464
               1.892        7.6998541302
               1.894          7.79634196
               1.896        7.8959132735
               1.898        7.9987454724
                 1.9        8.1050301079
               1.902        8.2149743233
               1.904        8.3288024766
               1.906        8.4467579711
               1.908        8.5691053239
                1.91        8.6961325106
               1.912        8.8281536293
               1.914        8.9655119372
               1.916        9.1085833196
               1.918        9.2577802679
                1.92        9.4135564531
               1.922        9.5764120042
               1.924        9.7468996182
               1.926        9.9256316628
               1.928        10.113288461
                1.93        10.310627999
               1.932        10.518497342
               1.934        10.737846129
               1.936        10.969742602
               1.938        11.215392725
                1.94        11.476163143
               1.942        11.753608877
               1.944        12.049506963
               1.946        12.365897558
               1.948        12.705134543
                1.95         13.06994826
               1.952        13.463523937
               1.954        13.889600576
               1.956          14.3525968
               1.958         14.85777267
                1.96        15.411440032
               1.962        16.021239301
               1.964        16.696508502
               1.966        17.448782555
               1.968        18.292479801
                1.97        19.245863128
               1.972        20.332413015
               1.974        21.582834278
               1.976        23.038066189
               1.978         24.75393447
                1.98         26.80859447
               1.982        29.314936421
               1.984        32.442294595
               1.986        36.456764238
               1.988        41.801836122
                1.99        49.275792692
               1.992        60.475197688
               1.994        79.125364937
               1.996        116.40223352
               1.998        228.18549393
                   2              1.#INF
