
               0.002     0.0015526847215
               0.004     0.0031053854076
               0.006     0.0046581180197
               0.008     0.0062108985119
                0.01     0.0077637428278
               0.012     0.0093166668969
               0.014      0.010869686631
               0.016      0.012422817922
               0.018      0.013976076635
                0.02      0.015529478609
               0.022      0.017083039649
               0.024      0.018636775528
               0.026      0.020190701978
               0.028      0.021744834688
                0.03      0.023299189303
               0.032      0.024853781417
               0.034      0.026408626573
               0.036      0.027963740255
               0.038      0.029519137901
                0.04      0.031074835087
               0.042      0.032630847749
               0.044      0.034187192202
               0.046      0.035743885126
               0.048      0.037300943556
                0.05      0.038858384875
               0.052      0.040416226801
               0.054      0.041974487375
               0.056      0.043533184956
               0.058      0.045092338204
                0.06      0.046651966075
               0.062      0.048212087807
               0.064      0.049772722914
               0.066      0.051333891171
               0.068      0.052895612607
                0.07      0.054457907494
               0.072      0.056020796335
               0.074      0.057584299858
               0.076      0.059148439001
               0.078      0.060713234907
                0.08      0.062278708909
               0.082      0.063844882523
               0.084      0.065411777437
               0.086      0.066979415501
               0.088      0.068547818718
                0.09      0.070117009231
               0.092      0.071687009317
               0.094      0.073257841374
               0.096      0.074829527912
               0.098      0.076402091545
                 0.1      0.077975554977
               0.102      0.079549940995
               0.104      0.081125272459
               0.106       0.08270157229
               0.108      0.084278863462
                0.11      0.085857168994
               0.112      0.087436511935
               0.114      0.089016915357
               0.116      0.090598402345
               0.118       0.09218099599
                0.12      0.093764719372
               0.122      0.095349595556
               0.124      0.096935647582
               0.126      0.098522898452
               0.128       0.10011137112
                0.13       0.10170108849
               0.132       0.10329207339
               0.134       0.10488434858
               0.136       0.10647793674
               0.138       0.10807286044
                0.14       0.10966914214
               0.142       0.11126680422
               0.144       0.11286586888
               0.146       0.11446635824
               0.148       0.11606829424
                0.15       0.11767169868
               0.152       0.11927659318
               0.154        0.1208829992
               0.156       0.12249093801
               0.158       0.12410043069
                0.16        0.1257114981
               0.162       0.12732416091
               0.164       0.12893843954
               0.166       0.13055435418
               0.168        0.1321719248
                0.17       0.13379117108
               0.172       0.13541211246
               0.174       0.13703476809
               0.176       0.13865915686
               0.178       0.14028529732
                0.18       0.14191320777
               0.182       0.14354290614
               0.184       0.14517441008
               0.186       0.14680773687
               0.188       0.14844290347
                0.19       0.15007992647
               0.192        0.1517188221
               0.194        0.1533596062
               0.196       0.15500229424
               0.198       0.15664690128
                 0.2         0.158293442
               0.202       0.15994193075
               0.204       0.16159238175
               0.206       0.16324480908
               0.208       0.16489922663
                0.21       0.16655564818
               0.212       0.16821408731
               0.214       0.16987455745
               0.216       0.17153707184
               0.218       0.17320164354
                0.22       0.17486828544
               0.222       0.17653701021
               0.224       0.17820783034
               0.226       0.17988075809
               0.228       0.18155580554
                0.23       0.18323298451
               0.232       0.18491230662
               0.234       0.18659378327
               0.236       0.18827742559
               0.238       0.18996324448
                0.24       0.19165125061
               0.242       0.19334145436
               0.244       0.19503386587
               0.246       0.19672849499
               0.248       0.19842535133
                0.25       0.20012444418
               0.252       0.20182578256
               0.254        0.2035293752
               0.256       0.20523523052
               0.258       0.20694335664
                0.26       0.20865376136
               0.262       0.21036645216
               0.264       0.21208143621
               0.266       0.21379872031
               0.268       0.21551831097
                0.27       0.21724021431
               0.272       0.21896443613
               0.274       0.22069098185
               0.276       0.22241985653
               0.278       0.22415106487
                0.28       0.22588461118
               0.282       0.22762049938
               0.284       0.22935873301
               0.286        0.2310993152
               0.288       0.23284224868
                0.29       0.23458753578
               0.292       0.23633517839
               0.294       0.23808517798
               0.296        0.2398375356
               0.298       0.24159225184
                 0.3       0.24334932685
               0.302       0.24510876035
               0.304       0.24687055157
               0.306       0.24863469928
               0.308       0.25040120177
                0.31       0.25217005688
               0.312       0.25394126191
               0.314       0.25571481371
               0.316        0.2574907086
               0.318        0.2592689424
                0.32        0.2610495104
               0.322       0.26283240739
               0.324        0.2646176276
               0.326       0.26640516473
               0.328       0.26819501194
                0.33       0.26998716182
               0.332       0.27178160642
               0.334       0.27357833719
               0.336       0.27537734503
               0.338       0.27717862024
                0.34       0.27898215253
               0.342         0.280787931
               0.344       0.28259594416
               0.346       0.28440617988
               0.348       0.28621862544
                0.35       0.28803326744
               0.352       0.28985009188
               0.354       0.29166908409
               0.356       0.29349022875
               0.358       0.29531350987
                0.36        0.2971389108
               0.362       0.29896641419
               0.364       0.30079600201
               0.366       0.30262765553
               0.368       0.30446135532
                0.37       0.30629708121
               0.372       0.30813481235
               0.374       0.30997452711
               0.376       0.31181620315
               0.378       0.31365981736
                0.38       0.31550534589
               0.382       0.31735276412
               0.384       0.31920204663
               0.386       0.32105316724
               0.388       0.32290609896
                0.39       0.32476081401
               0.392       0.32661728378
               0.394       0.32847547885
               0.396       0.33033536897
               0.398       0.33219692304
                 0.4       0.33406010912
               0.402       0.33592489439
               0.404       0.33779124518
               0.406       0.33965912693
               0.408       0.34152850426
                0.41       0.34339934124
               0.412       0.34527160168
               0.414       0.34714524913
               0.416       0.34902024683
               0.418       0.35089655778
                0.42        0.3527741447
               0.422       0.35465297003
               0.424       0.35653299596
               0.426       0.35841418437
               0.428       0.36029649697
                0.43       0.36217989523
               0.432       0.36406434047
               0.434       0.36594979379
               0.436       0.36783621613
               0.438       0.36972356821
                0.44       0.37161181057
               0.442       0.37350090353
               0.444       0.37539080724
               0.446       0.37728148163
               0.448       0.37917288642
                0.45       0.38106498115
               0.452       0.38295772512
               0.454       0.38485107745
               0.456       0.38674499702
               0.458       0.38863944253
                0.46       0.39053437244
               0.462       0.39242974499
               0.464       0.39432551821
               0.466       0.39622164992
               0.468       0.39811809768
                0.47       0.40001481887
               0.472        0.4019117706
               0.474       0.40380890977
               0.476       0.40570619306
               0.478       0.40760357688
                0.48       0.40950101744
               0.482       0.41139847068
               0.484       0.41329589234
               0.486       0.41519323799
               0.488       0.41709046319
                0.49       0.41898752338
               0.492         0.420884374
               0.494        0.4227809704
               0.496        0.4246772679
               0.498       0.42657322173
                 0.5        0.4284687871
               0.502       0.43036391915
               0.504       0.43225857298
               0.506        0.4341527036
               0.508       0.43604626602
                0.51       0.43793921515
               0.512       0.43983150588
               0.514       0.44172309304
               0.516       0.44361393139
               0.518       0.44550397568
                0.52       0.44739318056
               0.522       0.44928150067
               0.524       0.45116889058
               0.526       0.45305530482
               0.528       0.45494069785
                0.53       0.45682502412
               0.532       0.45870823798
               0.534       0.46059029378
               0.536       0.46247114578
               0.538       0.46435074823
                0.54       0.46622905531
               0.542       0.46810602115
               0.544       0.46998159984
               0.546       0.47185574542
               0.548       0.47372841187
                0.55       0.47559955316
               0.552       0.47746912316
               0.554       0.47933707573
               0.556       0.48120336468
               0.558       0.48306794375
                0.56       0.48493076664
               0.562       0.48679178703
               0.564       0.48865095851
               0.566       0.49050823465
               0.568       0.49236356896
                0.57       0.49421691491
               0.572       0.49606822591
               0.574       0.49791745541
               0.576       0.49976455698
               0.578       0.50160948443
                0.58        0.5034521917
               0.582       0.50529263299
               0.584       0.50713076264
               0.586       0.50896653523
               0.588       0.51079990554
                0.59       0.51263082853
               0.592        0.5144592594
               0.594       0.51628515356
               0.596       0.51810846662
               0.598       0.51992915443
                 0.6       0.52174717306
               0.602       0.52356247879
               0.604       0.52537502816
               0.606        0.5271847779
               0.608       0.52899168502
                0.61       0.53079570674
               0.612       0.53259680054
               0.614       0.53439492413
               0.616       0.53619003547
               0.618       0.53798209279
                0.62       0.53977105454
               0.622       0.54155687945
               0.624       0.54333952652
               0.626       0.54511895499
               0.628       0.54689512437
                0.63       0.54866799444
               0.632       0.55043752527
               0.634       0.55220367717
               0.636       0.55396641076
               0.638       0.55572568692
                0.64       0.55748146681
               0.642        0.5592337119
               0.644       0.56098238392
               0.646       0.56272744491
               0.648       0.56446885719
                0.65       0.56620658338
               0.652       0.56794058641
               0.654       0.56967082951
               0.656       0.57139727619
               0.658        0.5731198903
                0.66       0.57483863597
               0.662       0.57655347768
               0.664       0.57826438017
               0.666       0.57997130855
               0.668       0.58167422822
                0.67        0.5833731049
               0.672       0.58506790466
               0.674       0.58675859387
               0.676       0.58844513924
               0.678       0.59012750781
                0.68       0.59180566696
               0.682       0.59347958438
               0.684       0.59514922814
               0.686       0.59681456662
               0.688       0.59847556854
                0.69       0.60013220299
               0.692       0.60178443938
               0.694       0.60343224749
               0.696       0.60507559743
               0.698       0.60671445968
                 0.7       0.60834880507
               0.702       0.60997860479
               0.704       0.61160383036
               0.706       0.61322445371
               0.708       0.61484044709
                0.71       0.61645178314
               0.712       0.61805843486
               0.714       0.61966037559
               0.716       0.62125757909
               0.718       0.62285001945
                0.72       0.62443767115
               0.722       0.62602050903
               0.724       0.62759850834
               0.726       0.62917164465
               0.728       0.63073989397
                0.73       0.63230323264
               0.732       0.63386163742
               0.734       0.63541508542
               0.736       0.63696355415
               0.738       0.63850702151
                0.74       0.64004546578
               0.742       0.64157886563
               0.744        0.6431072001
               0.746       0.64463044865
               0.748       0.64614859112
                0.75       0.64766160772
               0.752       0.64916947908
               0.754       0.65067218621
               0.756       0.65216971053
               0.758       0.65366203382
                0.76        0.6551491383
               0.762       0.65663100656
               0.764       0.65810762158
               0.766       0.65957896676
               0.768       0.66104502589
                0.77       0.66250578315
               0.772       0.66396122312
               0.774        0.6654113308
               0.776       0.66685609156
               0.778        0.6682954912
                0.78        0.6697295159
               0.782       0.67115815224
               0.784       0.67258138721
               0.786        0.6739992082
               0.788         0.675411603
                0.79        0.6768185598
               0.792       0.67822006719
               0.794       0.67961611416
               0.796        0.6810066901
               0.798        0.6823917848
                 0.8       0.68377138846
               0.802       0.68514549166
               0.804        0.6865140854
               0.806       0.68787716107
               0.808       0.68923471044
                0.81       0.69058672572
               0.812       0.69193319947
               0.814       0.69327412468
               0.816       0.69460949471
               0.818       0.69593930334
                0.82       0.69726354473
               0.822       0.69858221343
               0.824       0.69989530439
               0.826       0.70120281294
               0.828       0.70250473481
                0.83       0.70380106612
               0.832       0.70509180336
               0.834       0.70637694342
               0.836       0.70765648358
               0.838       0.70893042148
                0.84       0.71019875516
               0.842       0.71146148304
               0.844       0.71271860392
               0.846       0.71397011695
               0.848       0.71521602169
                0.85       0.71645631805
               0.852       0.71769100632
               0.854       0.71892008716
               0.856       0.72014356159
               0.858       0.72136143099
                0.86       0.72257369713
               0.862        0.7237803621
               0.864       0.72498142838
               0.866       0.72617689893
               0.868       0.72736677723
                0.87       0.72855106734
               0.872       0.72972977384
               0.874       0.73090290187
               0.876        0.7320704571
               0.878       0.73323244574
                0.88        0.7343888745
               0.882       0.73553975064
               0.884       0.73668508191
               0.886       0.73782487656
               0.888       0.73895914335
                0.89       0.74008789155
               0.892       0.74121113089
               0.894       0.74232887158
               0.896       0.74344112433
               0.898        0.7445479003
                 0.9       0.74564921111
               0.902       0.74674506883
               0.904       0.74783548601
               0.906       0.74892047559
               0.908         0.750000051
                0.91       0.75107422604
               0.912       0.75214301499
               0.914       0.75320643249
               0.916       0.75426449363
               0.918       0.75531721388
                0.92       0.75636460909
               0.922       0.75740669552
               0.924       0.75844348979
               0.926       0.75947500892
               0.928       0.76050127024
                0.93        0.7615222915
               0.932       0.76253809074
               0.934       0.76354868638
               0.936       0.76455409716
               0.938       0.76555434214
                0.94       0.76654944071
               0.942       0.76753941256
               0.944       0.76852427769
               0.946       0.76950405638
               0.948        0.7704787692
                0.95       0.77144843701
               0.952       0.77241308093
               0.954       0.77337272234
               0.956       0.77432738287
               0.958        0.7752770844
                0.96       0.77622184905
               0.962       0.77716169914
               0.964       0.77809665725
               0.966       0.77902674614
               0.968       0.77995198877
                0.97       0.78087240831
               0.972        0.7817880281
               0.974       0.78269887165
               0.976       0.78360496264
               0.978       0.78450632491
                0.98       0.78540298244
               0.982       0.78629495934
               0.984       0.78718227986
               0.986       0.78806496836
               0.988       0.78894304932
                0.99       0.78981654729
               0.992       0.79068548693
               0.994       0.79154989297
               0.996       0.79240979023
               0.998       0.79326520355
                   1       0.79411615785
               1.002       0.79496267807
               1.004       0.79580478919
               1.006       0.79664251619
               1.008       0.79747588409
                1.01       0.79830491786
               1.012       0.79912964249
               1.014       0.79995008293
               1.016        0.8007662641
               1.018       0.80157821088
                1.02       0.80238594808
               1.022       0.80318950043
               1.024       0.80398889262
               1.026       0.80478414938
               1.028       0.80557529554
                1.03        0.8063623561
               1.032       0.80714535613
               1.034       0.80792432084
               1.036       0.80869927553
               1.038        0.8094702456
                1.04       0.81023725652
               1.042       0.81100033386
               1.044       0.81175950324
               1.046       0.81251479033
               1.048       0.81326622088
                1.05       0.81401382066
               1.052       0.81475761547
               1.054       0.81549763116
               1.056       0.81623389356
               1.058       0.81696642854
                1.06       0.81769526195
               1.062       0.81842041963
               1.064        0.8191419274
               1.066       0.81985981105
               1.068       0.82057409634
                1.07       0.82128480896
               1.072       0.82199197456
               1.074       0.82269561872
               1.076       0.82339576693
               1.078       0.82409244462
                1.08       0.82478567709
               1.082       0.82547548955
               1.084       0.82616190709
               1.086       0.82684495469
               1.088       0.82752465715
                1.09       0.82820103917
               1.092       0.82887412526
               1.094       0.82954393978
               1.096       0.83021050691
               1.098       0.83087385062
                 1.1       0.83153399471
               1.102       0.83219096275
               1.104       0.83284477809
               1.106       0.83349546386
               1.108       0.83414304293
                1.11       0.83478753793
               1.112       0.83542897122
               1.114       0.83606736492
               1.116       0.83670274106
               1.118       0.83733512153
                1.12       0.83796452811
               1.122       0.83859098245
               1.124       0.83921450609
               1.126       0.83983512038
               1.128       0.84045284655
                1.13       0.84106770567
               1.132       0.84167971862
               1.134        0.8422889061
               1.136       0.84289528863
               1.138       0.84349888653
                1.14        0.8440997199
               1.142       0.84469780863
               1.144       0.84529317239
               1.146       0.84588583059
               1.148       0.84647580242
                1.15       0.84706310678
               1.152       0.84764776233
               1.154       0.84822978745
               1.156       0.84880920021
               1.158       0.84938601841
                1.16       0.84996025953
               1.162       0.85053194073
               1.164       0.85110107884
               1.166       0.85166769036
               1.168       0.85223179143
                1.17       0.85279339784
               1.172         0.853352525
               1.174       0.85390918795
               1.176       0.85446340133
               1.178       0.85501517937
                1.18        0.8555645359
               1.182       0.85611148431
               1.184       0.85665603757
               1.186       0.85719820818
               1.188        0.8577380082
                1.19       0.85827544939
               1.192       0.85881054354
               1.194       0.85934330263
               1.196       0.85987373875
               1.198       0.86040186415
                 1.2       0.86092769122
               1.202       0.86145123249
               1.204       0.86197250063
               1.206       0.86249150842
               1.208       0.86300826881
                1.21       0.86352279487
               1.212       0.86403509977
               1.214       0.86454519683
               1.216        0.8650530995
               1.218       0.86555882134
                1.22       0.86606237601
               1.222       0.86656377731
               1.224       0.86706303915
               1.226       0.86756017553
               1.228       0.86805520059
                1.23       0.86854812855
               1.232       0.86903897374
               1.234       0.86952775058
               1.236        0.8700144736
               1.238       0.87049915742
                1.24       0.87098181675
               1.242       0.87146246639
               1.244       0.87194112121
               1.246       0.87241779619
               1.248       0.87289250637
                1.25       0.87336526686
               1.252       0.87383609287
               1.254       0.87430499966
               1.256       0.87477200255
               1.258       0.87523711694
                1.26       0.87570035829
               1.262       0.87616174211
               1.264       0.87662128396
               1.266       0.87707899947
               1.268        0.8775349043
                1.27       0.87798901416
               1.272        0.8784413448
               1.274       0.87889191201
               1.276       0.87934073162
               1.278       0.87978781946
                1.28       0.88023319143
               1.282       0.88067686343
               1.284       0.88111885137
               1.286        0.8815591712
               1.288       0.88199783887
                1.29       0.88243487034
               1.292       0.88287028157
               1.294       0.88330408852
               1.296       0.88373630716
               1.298       0.88416695344
                 1.3       0.88459604332
               1.302        0.8850235927
               1.304       0.88544961752
               1.306       0.88587413365
               1.308       0.88629715697
                1.31       0.88671870328
               1.312        0.8871387884
               1.314       0.88755742808
               1.316       0.88797463802
               1.318        0.8883904339
                1.32       0.88880483132
               1.322       0.88921784583
               1.324       0.88962949293
               1.326       0.89003978804
               1.328       0.89044874653
                1.33       0.89085638366
               1.332       0.89126271465
               1.334        0.8916677546
               1.336       0.89207151855
               1.338       0.89247402143
                1.34       0.89287527808
               1.342       0.89327530323
               1.344        0.8936741115
               1.346        0.8940717174
               1.348       0.89446813533
                1.35       0.89486337955
               1.352        0.8952574642
               1.354       0.89565040329
               1.356        0.8960422107
               1.358       0.89643290013
                1.36       0.89682248517
               1.362       0.89721097924
               1.364       0.89759839559
               1.366       0.89798474733
               1.368       0.89837004737
                1.37       0.89875430846
               1.372       0.89913754317
               1.374       0.89951976388
               1.376       0.89990098276
               1.378       0.90028121181
                1.38       0.90066046281
               1.382       0.90103874732
               1.384       0.90141607671
               1.386       0.90179246209
               1.388       0.90216791438
                1.39       0.90254244424
               1.392        0.9029160621
               1.394       0.90328877814
               1.396        0.9036606023
               1.398       0.90403154437
                 1.4       0.90440161417
               1.402       0.90477082152
               1.404       0.90513917627
               1.406       0.90550668829
               1.408       0.90587336745
                1.41       0.90623922365
               1.412       0.90660426679
               1.414       0.90696850678
               1.416       0.90733195355
               1.418       0.90769461702
                1.42       0.90805650712
               1.422       0.90841763376
               1.424       0.90877800689
               1.426        0.9091376364
               1.428       0.90949653223
                1.43       0.90985470426
               1.432       0.91021216239
               1.434       0.91056891649
               1.436       0.91092497643
               1.438       0.91128035204
                1.44       0.91163505313
               1.442       0.91198908951
               1.444       0.91234247094
               1.446       0.91269520715
               1.448       0.91304730785
                1.45        0.9133987827
               1.452       0.91374964133
               1.454       0.91409989334
               1.456       0.91444954827
               1.458       0.91479861561
                1.46       0.91514710482
               1.462        0.9154950253
               1.464       0.91584238639
               1.466       0.91618919737
               1.468       0.91653546747
                1.47       0.91688120585
               1.472        0.9172264216
               1.474       0.91757112375
               1.476       0.91791532124
               1.478       0.91825902296
                1.48       0.91860223769
               1.482       0.91894497414
               1.484       0.91928724094
               1.486       0.91962904664
               1.488       0.91997039966
                1.49       0.92031130836
               1.492       0.92065178099
               1.494       0.92099182569
               1.496       0.92133145051
               1.498       0.92167066337
                 1.5       0.92200947209
               1.502       0.92234788437
               1.504       0.92268590779
               1.506       0.92302354981
               1.508       0.92336081775
                1.51       0.92369771881
               1.512       0.92403426005
               1.514        0.9243704484
               1.516       0.92470629064
               1.518       0.92504179339
                1.52       0.92537696315
               1.522       0.92571180624
               1.524       0.92604632883
               1.526       0.92638053693
               1.528       0.92671443639
                1.53       0.92704803288
               1.532       0.92738133188
               1.534       0.92771433873
               1.536       0.92804705855
               1.538       0.92837949631
                1.54       0.92871165674
               1.542       0.92904354442
               1.544       0.92937516371
               1.546       0.92970651877
               1.548       0.93003761356
                1.55       0.93036845196
               1.552       0.93069903783
               1.554       0.93102937502
               1.556       0.93135946735
               1.558       0.93168931859
                1.56       0.93201893248
               1.562        0.9323483127
               1.564        0.9326774629
               1.566       0.93300638662
               1.568       0.93333508735
                1.57        0.9336635685
               1.572       0.93399183338
               1.574       0.93431988522
               1.576       0.93464772711
               1.578       0.93497536206
                1.58       0.93530279295
               1.582       0.93563002253
               1.584       0.93595705339
               1.586       0.93628388801
               1.588       0.93661052869
                1.59       0.93693697759
               1.592       0.93726323668
               1.594       0.93758930777
               1.596       0.93791519246
               1.598       0.93824089219
                 1.6       0.93856640816
               1.602       0.93889174139
               1.604       0.93921689267
               1.606       0.93954186256
               1.608       0.93986665139
                1.61       0.94019125923
               1.612       0.94051568593
               1.614       0.94083993104
               1.616       0.94116399389
               1.618       0.94148787348
                1.62       0.94181156857
               1.622       0.94213507758
               1.624       0.94245839868
               1.626       0.94278152969
               1.628       0.94310446812
                1.63       0.94342721117
               1.632       0.94374975581
               1.634       0.94407209912
               1.636       0.94439423827
               1.638       0.94471617055
                1.64       0.94503789338
               1.642       0.94535940429
               1.644        0.9456807009
               1.646       0.94600178096
               1.648       0.94632264235
                1.65       0.94664328301
               1.652       0.94696370101
               1.654       0.94728389455
               1.656       0.94760386189
               1.658       0.94792360141
                1.66       0.94824311159
               1.662       0.94856239102
               1.664       0.94888143836
               1.666       0.94920025239
               1.668       0.94951883197
                1.67       0.94983717605
               1.672        0.9501552837
               1.674       0.95047315403
               1.676       0.95079078628
               1.678       0.95110817976
                1.68       0.95142533387
               1.682       0.95174224808
               1.684       0.95205892197
               1.686       0.95237535518
               1.688       0.95269154743
                1.69       0.95300749853
               1.692       0.95332320835
               1.694       0.95363867686
               1.696       0.95395390409
               1.698       0.95426889013
                 1.7       0.95458363517
               1.702       0.95489813945
               1.704       0.95521240329
               1.706       0.95552642707
               1.708       0.95584021124
                1.71       0.95615375632
               1.712        0.9564670629
               1.714       0.95678013161
               1.716       0.95709296316
               1.718       0.95740555832
                1.72       0.95771791791
               1.722       0.95803004282
               1.724       0.95834193399
               1.726       0.95865359241
               1.728       0.95896501915
                1.73        0.9592762153
               1.732       0.95958718202
               1.734       0.95989792053
               1.736       0.96020843208
               1.738       0.96051871798
                1.74       0.96082877959
               1.742       0.96113861831
               1.744       0.96144823559
               1.746       0.96175763293
               1.748       0.96206681186
                1.75       0.96237577397
               1.752       0.96268452087
               1.754       0.96299305422
               1.756       0.96330137574
               1.758       0.96360948715
                1.76       0.96391739023
               1.762        0.9642250868
               1.764        0.9645325787
               1.766       0.96483986782
               1.768       0.96514695607
                1.77       0.96545384539
               1.772       0.96576053777
               1.774       0.96606703521
               1.776       0.96637333975
               1.778       0.96667945345
                1.78       0.96698537841
               1.782       0.96729111674
               1.784       0.96759667059
               1.786       0.96790204212
               1.788       0.96820723353
                1.79       0.96851224702
               1.792       0.96881708483
               1.794       0.96912174922
               1.796       0.96942624245
               1.798       0.96973056682
                 1.8       0.97003472464
               1.802       0.97033871823
               1.804       0.97064254994
               1.806       0.97094622211
               1.808       0.97124973713
                1.81       0.97155309736
               1.812       0.97185630521
               1.814       0.97215936308
               1.816       0.97246227338
               1.818       0.97276503854
                1.82       0.97306766099
               1.822       0.97337014317
               1.824       0.97367248753
               1.826       0.97397469652
               1.828       0.97427677258
                1.83       0.97457871819
               1.832       0.97488053581
               1.834       0.97518222789
               1.836       0.97548379691
               1.838       0.97578524533
                1.84       0.97608657561
               1.842       0.97638779023
               1.844       0.97668889163
               1.846       0.97698988228
               1.848       0.97729076463
                1.85       0.97759154113
               1.852       0.97789221421
               1.854       0.97819278633
               1.856       0.97849325989
               1.858       0.97879363733
                1.86       0.97909392104
               1.862       0.97939411344
               1.864        0.9796942169
               1.866        0.9799942338
               1.868       0.98029416651
                1.87       0.98059401737
               1.872       0.98089378872
               1.874       0.98119348287
               1.876       0.98149310213
               1.878       0.98179264878
                1.88       0.98209212509
               1.882        0.9823915333
               1.884       0.98269087565
               1.886       0.98299015433
               1.888       0.98328937153
                1.89       0.98358852941
               1.892       0.98388763012
               1.894       0.98418667576
               1.896       0.98448566843
               1.898       0.98478461018
                 1.9       0.98508350305
               1.902       0.98538234905
               1.904       0.98568115016
               1.906       0.98597990832
               1.908       0.98627862546
                1.91       0.98657730346
               1.912       0.98687594417
               1.914       0.98717454941
               1.916       0.98747312098
               1.918       0.98777166062
                1.92       0.98807017005
               1.922       0.98836865094
               1.924       0.98866710494
               1.926       0.98896553365
               1.928       0.98926393863
                1.93       0.98956232139
               1.932       0.98986068343
               1.934       0.99015902617
               1.936       0.99045735101
               1.938        0.9907556593
                1.94       0.99105395234
               1.942       0.99135223139
               1.944       0.99165049766
               1.946        0.9919487523
               1.948       0.99224699643
                1.95       0.99254523112
               1.952       0.99284345737
               1.954       0.99314167613
               1.956       0.99343988833
               1.958        0.9937380948
                1.96       0.99403629634
               1.962       0.99433449369
               1.964       0.99463268753
               1.966       0.99493087849
               1.968       0.99522906713
                1.97       0.99552725395
               1.972       0.99582543941
               1.974       0.99612362386
               1.976       0.99642180765
               1.978       0.99671999101
                1.98       0.99701817413
               1.982       0.99731635714
               1.984       0.99761454008
               1.986       0.99791272295
               1.988       0.99821090571
                1.99       0.99850908835
               1.992       0.99880727086
               1.994       0.99910545326
               1.996       0.99940363556
               1.998        0.9997018178
                   2                   1
