                0.86      0.031516776832      0.047282154373
                1.72       0.06255861724      0.093883665369
                2.58      0.092686850594       0.13853374426
                3.44       0.12153100728       0.18095786201
                 4.3       0.14892835154       0.22158747186
                5.16       0.17417418437       0.25876430385
                6.02       0.19616679153       0.29150433814
                6.88       0.21796126211       0.32062192694
                7.74        0.2377461378       0.34727405747
                 8.6       0.25705807038       0.37161562116
                9.46       0.27437694442       0.39236760728
               10.32        0.2909245023       0.41150685479
               11.18       0.30771430036       0.42797637432
               12.04       0.32321038738       0.44498348007
                12.9       0.33957103589       0.46079623938
               13.76       0.35497622496       0.47528647487
               14.62       0.37305102155       0.49088049879
               15.48       0.39161807695       0.50856417038
               16.34       0.41281674704       0.52530922268
                17.2       0.43340924294       0.54247305645
               18.06        0.4539309968       0.56016309393
               18.92       0.47673118156       0.58054077081
               19.78       0.49940636006       0.60154717833
               20.64       0.51964333817       0.62308799025
                21.5       0.54142651315       0.64304748066
               22.36       0.56291800034       0.66394236223
               23.22       0.58151740232       0.68340283825
               24.08       0.60169691463       0.70318063341
               24.94       0.62038580934       0.72280971122
                25.8        0.6372845144       0.74059980259
               26.66       0.65349309186       0.75533322424
               27.52       0.66828479851       0.77109636809
               28.38       0.68020733101       0.78333583244
               29.24       0.69304302797       0.79609541718
                30.1       0.70554130325       0.80683550897
               30.96       0.71654680616       0.81697641061
               31.82       0.72872568744       0.82690819867
               32.68       0.73945602364       0.83656140879
               33.54       0.75069782961       0.84474087321
                34.4       0.76192488231       0.85332304047
               35.26       0.77108111192       0.86124952457
               36.12       0.78108848611        0.8697886673
               36.98       0.79190143378       0.87854734319
               37.84       0.80356245164       0.88712197917
                38.7       0.81367549896       0.89590310085
               39.56       0.82526975994       0.90559901529
               40.42       0.83576690988       0.91327361409
               41.28        0.8459036341       0.92118523628
               42.14        0.8563518976       0.92777782399
                  43       0.86681503676       0.93591926141
               43.86       0.87646887099       0.94290420816
               44.72       0.88514243877       0.94941055644
               45.58       0.89469252911       0.95472504396
               46.44       0.90207272541        0.9606590773
                47.3       0.90884462145        0.9661826844
               48.16       0.91486416563       0.97084827664
               49.02       0.91974017258       0.97461460906
               49.88        0.9239342838       0.97762457154
               50.74       0.92722554818        0.9814188875
                51.6        0.9306038985       0.98388906736
               52.46        0.9331483008       0.98573170945
               53.32       0.93520632169       0.98723457122
               54.18       0.93684999426       0.98926868192
               55.04         0.937901025       0.99073141226
                55.9       0.93904593459       0.99184076888
               56.76        0.9400382546       0.99172726955
               57.62       0.94074166186       0.99162608882
               58.48       0.94128485733       0.99163989923
               59.34       0.94212017998       0.99197988125
                60.2       0.94320996028       0.99194750689
               61.06       0.94469733144       0.99209921487
               61.92       0.94647161632       0.99236652946
               62.78        0.9484841052       0.99342779424
               63.64        0.9508738076       0.99420961037
                64.5       0.95341978554       0.99501993914
               65.36       0.95627940869       0.99631778971
               66.22       0.95938756347         0.997363271
               67.08       0.96257051812       0.99844678908
               67.94       0.96595338586       0.99914584322
                68.8       0.96930463488       0.99977185438
               69.66       0.97268181485                   1
               70.52       0.97604612026                   1
               71.38       0.97931033163                   1
               72.24       0.98243252795                   1
                73.1       0.98533475818                   1
               73.96       0.98799774617                   1
               74.82       0.99039006402                   1
               75.68       0.99249137853                   1
               76.54       0.99429370198                   1
                77.4       0.99580224091                   1
               78.26        0.9970336185                   1
               79.12       0.99800872822                   1
               79.98       0.99874865907                   1
               80.84       0.99927856002                   1
                81.7       0.99963019563                   1
               82.56       0.99984017115                   1
               83.42       0.99994733456                   1
               84.28       0.99998949594                   1
               85.14       0.99999941407                   1
