    -1.727233711e-77                   0
      0.081286057868       0.12727272727
       0.18577576251       0.16666666667
       0.20393482885              0.1875
       0.23087615717       0.23076923077
       0.27429195786       0.33333333333
       0.29577512494       0.34482758621
       0.33041580875       0.39726027397
       0.49241243605       0.46666666667
       0.59207543106                 0.5
       0.63024463906       0.61111111111
       0.66356219568       0.66666666667
       0.74147703067       0.70161290323
       0.96358098973                0.75
       0.98675022972       0.80821917808
        1.1741666837       0.82608695652
        1.2124891473       0.82926829268
        1.2875617879       0.83333333333
        1.3008100341       0.90566037736
        1.3883315443       0.91869918699
        1.6360557655       0.94444444444
        1.6704829557       0.96428571429
        1.7319260806                   1
                   2                   1
