                0.02               0.054
                0.04               0.053
                0.06               0.054
                0.08               0.056
                 0.1                0.06
                0.12               0.061
                0.14               0.058
                0.16               0.057
                0.18               0.058
                 0.2               0.054
                0.22               0.053
                0.24               0.052
                0.26               0.052
                0.28               0.052
                 0.3               0.055
                0.32               0.057
                0.34               0.058
                0.36               0.058
                0.38               0.061
                 0.4               0.059
                0.42               0.059
                0.44               0.056
                0.46               0.057
                0.48               0.058
                 0.5                0.06
                0.52               0.064
                0.54               0.067
                0.56                0.07
                0.58               0.064
                 0.6               0.064
                0.62               0.057
                0.64                0.06
                0.66               0.061
                0.68               0.059
                 0.7               0.054
                0.72               0.052
                0.74               0.054
                0.76               0.053
                0.78               0.053
                 0.8               0.055
                0.82               0.057
                0.84               0.057
                0.86               0.054
                0.88               0.054
                 0.9               0.051
                0.92               0.054
                0.94               0.056
                0.96               0.055
                0.98               0.058
                   1               0.058
                1.02               0.062
                1.04               0.065
                1.06                0.07
                1.08               0.069
                 1.1               0.065
                1.12               0.059
                1.14                0.06
                1.16               0.058
                1.18               0.057
                 1.2               0.047
                1.22               0.045
                1.24               0.047
                1.26               0.051
                1.28               0.052
                 1.3                0.05
                1.32                0.05
                1.34               0.054
                1.36               0.051
                1.38                0.05
                 1.4               0.046
                1.42               0.045
                1.44                0.05
                1.46               0.051
                1.48               0.048
                 1.5               0.046
                1.52               0.051
                1.54               0.052
                1.56               0.054
                1.58               0.054
                 1.6               0.048
                1.62               0.047
                1.64               0.041
                1.66               0.043
                1.68               0.045
                 1.7               0.051
                1.72               0.056
                1.74               0.054
                1.76               0.051
                1.78               0.047
                 1.8               0.047
                1.82               0.044
                1.84               0.043
                1.86               0.039
                1.88               0.033
                 1.9               0.033
                1.92               0.032
                1.94               0.029
                1.96                0.03
                1.98                0.03
