               0.002     0.0019551458438
               0.004     0.0039102636536
               0.006     0.0058653253548
               0.008     0.0078203027908
                0.01     0.0097751676825
               0.012      0.011729891628
               0.014      0.013684446496
               0.016       0.01563880481
               0.018      0.017592939767
                0.02       0.01954682522
               0.022      0.021500435657
               0.024      0.023453746183
               0.026      0.025406732501
               0.028      0.027359370897
                0.03      0.029311638216
               0.032      0.031263511851
               0.034      0.033214969719
               0.036      0.035165990243
               0.038      0.037116552339
                0.04      0.039066635395
               0.042       0.04101621925
               0.044      0.042965284181
               0.046      0.044913810885
               0.048      0.046861780455
                0.05       0.04880917437
               0.052      0.050755974469
               0.054      0.052702162942
               0.056      0.054647722302
               0.058      0.056592635375
                0.06      0.058536885276
               0.062      0.060480455396
               0.064      0.062423329378
               0.066      0.064365491102
               0.068      0.066306924665
                0.07      0.068247614362
               0.072      0.070187544668
               0.074       0.07212670022
               0.076      0.074065065792
               0.078      0.076002626284
                0.08      0.077939366696
               0.082      0.079875272109
               0.084      0.081810327667
               0.086      0.083744518557
               0.088      0.085677829986
                0.09      0.087610247162
               0.092      0.089541755304
               0.094      0.091472339849
               0.096      0.093401986591
               0.098      0.095330681654
                 0.1      0.097258411463
               0.102       0.09918516271
               0.104       0.10111092232
               0.106       0.10303567743
               0.108       0.10495941532
                0.11       0.10688212344
               0.112       0.10880378931
               0.114       0.11072440054
               0.116       0.11264394476
               0.118        0.1145624096
                0.12       0.11647978266
               0.122       0.11839605146
               0.124       0.12031120343
               0.126       0.12222522583
               0.128       0.12413810576
                0.13       0.12604983018
               0.132        0.1279603866
               0.134       0.12986976358
               0.136        0.1317779508
               0.138       0.13368493889
                0.14       0.13559071943
               0.142       0.13749528483
               0.144        0.1393986283
               0.146       0.14130074374
               0.148       0.14320162568
                0.15       0.14510126922
               0.152       0.14699966993
               0.154       0.14889682381
               0.156        0.1507927272
               0.158        0.1526873767
                0.16        0.1545807691
               0.162       0.15647290132
               0.164       0.15836377043
               0.166       0.16025337401
               0.168       0.16214171027
                0.17       0.16402877791
               0.172       0.16591457604
               0.174       0.16779910415
               0.176       0.16968236231
               0.178       0.17156435144
                0.18       0.17344507321
               0.182          0.17532453
               0.184       0.17720272481
               0.186        0.1790796612
               0.188        0.1809553432
                0.19       0.18282977522
               0.192       0.18470296201
               0.194       0.18657490856
               0.196       0.18844562003
               0.198       0.19031510166
                 0.2       0.19218335873
               0.202       0.19405039642
               0.204       0.19591621983
               0.206       0.19778083378
               0.208       0.19964424286
                0.21        0.2015064513
               0.212       0.20336746304
               0.214       0.20522728164
               0.216       0.20708591024
               0.218       0.20894335144
                0.22       0.21079960729
               0.222       0.21265467914
               0.224       0.21450856761
               0.226       0.21636127254
               0.228       0.21821279283
                0.23       0.22006312651
               0.232       0.22191227119
               0.234       0.22376022469
               0.236       0.22560698504
               0.238       0.22745255048
                0.24       0.22929691937
               0.242       0.23114009023
               0.244         0.232982062
               0.246       0.23482283407
               0.248       0.23666240621
                0.25       0.23850077856
               0.252        0.2403379515
               0.254        0.2421739257
               0.256       0.24400870195
               0.258       0.24584228121
                0.26       0.24767466448
               0.262       0.24950585279
               0.264       0.25133584712
               0.266       0.25316464835
               0.268       0.25499225724
                0.27        0.2568186743
               0.272       0.25864389982
               0.274       0.26046793381
               0.276       0.26229077631
               0.278       0.26411242751
                0.28       0.26593288771
               0.282       0.26775215732
               0.284       0.26957023675
               0.286       0.27138712644
               0.288       0.27320282677
                0.29       0.27501733805
               0.292       0.27683066044
               0.294       0.27864279397
               0.296       0.28045373842
               0.298       0.28226349334
                 0.3       0.28407205798
               0.302       0.28587943137
               0.304       0.28768561241
               0.306       0.28949059985
               0.308       0.29129439231
                0.31       0.29309698816
               0.312       0.29489838556
               0.314       0.29669858238
               0.316        0.2984975762
               0.318       0.30029536423
                0.32       0.30209194346
               0.322       0.30388731094
               0.324       0.30568146381
               0.326       0.30747439923
               0.328       0.30926611444
                0.33       0.31105660665
               0.332        0.3128458731
               0.334       0.31463391094
               0.336       0.31642071731
               0.338       0.31820628923
                0.34        0.3199906236
               0.342       0.32177371721
               0.344       0.32355556667
               0.346       0.32533616841
               0.348       0.32711551864
                0.35       0.32889361334
               0.352       0.33067044822
               0.354       0.33244601869
               0.356       0.33422031986
               0.358       0.33599334649
                0.36       0.33776509298
               0.362       0.33953555331
               0.364       0.34130472106
               0.366       0.34307258936
               0.368       0.34483915083
                0.37       0.34660439763
               0.372       0.34836832135
               0.374       0.35013091303
               0.376       0.35189216312
               0.378       0.35365206144
                0.38       0.35541059718
               0.382       0.35716775883
               0.384       0.35892353418
               0.386       0.36067791027
               0.388       0.36243087339
                0.39       0.36418240899
               0.392       0.36593250173
               0.394       0.36768113538
               0.396        0.3694282928
               0.398       0.37117395594
                 0.4       0.37291810578
               0.402        0.3746607223
               0.404       0.37640178445
               0.406        0.3781412701
               0.408       0.37987915603
                0.41       0.38161541788
               0.412       0.38335003011
               0.414       0.38508296598
               0.416       0.38681419749
               0.418       0.38854369536
                0.42         0.390271429
               0.422       0.39199736642
               0.424       0.39372147459
               0.426        0.3954437203
               0.428       0.39716407064
                0.43       0.39888249293
               0.432       0.40059895475
               0.434       0.40231342393
               0.436       0.40402586856
               0.438       0.40573625697
                0.44       0.40744455777
               0.442       0.40915073978
               0.444       0.41085477209
               0.446       0.41255662404
               0.448        0.4142562652
                0.45       0.41595366538
               0.452       0.41764879465
               0.454        0.4193416233
               0.456       0.42103212184
               0.458       0.42272026103
                0.46       0.42440601183
               0.462       0.42608934545
               0.464       0.42777023339
               0.466       0.42944864784
               0.468       0.43112456181
                0.47       0.43279794909
               0.472       0.43446878428
               0.474       0.43613704272
               0.476       0.43780270049
               0.478       0.43946573439
                0.48        0.4411261219
               0.482        0.4427838412
               0.484        0.4444388711
               0.486       0.44609119104
               0.488       0.44774078137
                0.49       0.44938762371
               0.492       0.45103170095
               0.494       0.45267299725
               0.496       0.45431149797
               0.498       0.45594718963
                 0.5       0.45758005989
               0.502       0.45921009747
               0.504       0.46083729213
               0.506       0.46246163465
               0.508       0.46408311672
                0.51       0.46570173097
               0.512       0.46731747088
               0.514       0.46893033075
               0.516       0.47054030568
               0.518       0.47214739146
                0.52        0.4737515846
               0.522       0.47535288224
               0.524       0.47695128212
               0.526       0.47854678253
               0.528       0.48013938227
                0.53       0.48172908058
               0.532       0.48331587715
               0.534         0.484899772
               0.536       0.48648076548
               0.538       0.48805885823
                0.54       0.48963405109
               0.542       0.49120634508
               0.544       0.49277574135
               0.546       0.49434224113
               0.548       0.49590584567
                0.55        0.4974665562
               0.552       0.49902437389
               0.554       0.50057929977
               0.556       0.50213133469
               0.558       0.50368047929
                0.56       0.50522673393
               0.562       0.50677009862
               0.564         0.508310573
               0.566       0.50984815628
               0.568       0.51138284716
                0.57       0.51291464379
               0.572       0.51444354373
               0.574       0.51596954388
               0.576       0.51749264041
               0.578       0.51901282873
                0.58       0.52053010342
               0.582       0.52204445818
               0.584       0.52355588573
               0.586       0.52506437796
               0.588       0.52656992669
                0.59       0.52807252433
               0.592       0.52957216388
               0.594       0.53106883885
               0.596       0.53256254334
               0.598       0.53405327194
                 0.6       0.53554101972
               0.602       0.53702578226
               0.604       0.53850755555
               0.606       0.53998633604
               0.608       0.54146212056
                0.61       0.54293490633
               0.612       0.54440469094
               0.614        0.5458714723
               0.616       0.54733524865
               0.618       0.54879601849
                0.62       0.55025378059
               0.622       0.55170853398
               0.624       0.55316027788
               0.626       0.55460901169
               0.628       0.55605473498
                0.63       0.55749744747
               0.632       0.55893714895
               0.634       0.56037383932
               0.636       0.56180751851
               0.638       0.56323818648
                0.64        0.5646658432
               0.642       0.56609048857
               0.644       0.56751212244
               0.646        0.5689307446
               0.648       0.57034635465
                0.65       0.57175895209
               0.652       0.57316853619
               0.654       0.57457510604
               0.656       0.57597866045
               0.658       0.57737919794
                0.66       0.57877671673
               0.662       0.58017121468
               0.664       0.58156268926
               0.666       0.58295113752
               0.668       0.58433655604
                0.67       0.58571894092
               0.672       0.58709828772
               0.674       0.58847459145
               0.676       0.58984784663
               0.678       0.59121804739
                0.68       0.59258518736
               0.682       0.59394925968
               0.684       0.59531025694
               0.686       0.59666817113
               0.688       0.59802299359
                0.69       0.59937471499
               0.692       0.60072332546
               0.694       0.60206881489
               0.696       0.60341117285
               0.698       0.60475038855
                 0.7       0.60608645087
               0.702       0.60741934825
               0.704       0.60874906869
               0.706        0.6100755997
               0.708       0.61139892827
                0.71        0.6127190409
               0.712       0.61403592378
               0.714       0.61534956272
               0.716       0.61665994319
               0.718       0.61796705025
                0.72       0.61927086851
               0.722       0.62057138213
               0.724       0.62186857474
               0.726       0.62316242941
               0.728       0.62445292864
                0.73       0.62574005427
               0.732       0.62702378749
               0.734       0.62830410875
               0.736       0.62958099784
               0.738       0.63085443417
                0.74       0.63212439689
               0.742       0.63339086487
               0.744       0.63465381664
               0.746       0.63591323042
               0.748       0.63716908402
                0.75       0.63842135486
               0.752       0.63967001989
               0.754       0.64091505562
               0.756       0.64215643801
               0.758        0.6433941425
                0.76       0.64462814395
               0.762        0.6458584166
               0.764       0.64708493403
               0.766       0.64830766914
               0.768       0.64952659411
                0.77       0.65074168037
               0.772       0.65195289851
               0.774       0.65316021833
               0.776       0.65436360871
               0.778       0.65556303765
                0.78       0.65675847258
               0.782       0.65794988111
               0.784       0.65913723125
               0.786       0.66032049133
               0.788       0.66149963006
                0.79       0.66267461652
               0.792       0.66384542014
               0.794       0.66501201076
               0.796       0.66617435854
               0.798         0.667332434
                 0.8       0.66848620799
               0.802       0.66963565209
               0.804       0.67078073917
               0.806       0.67192144347
               0.808       0.67305774055
                0.81       0.67418960725
               0.812       0.67531702167
               0.814       0.67643996316
               0.816       0.67755841223
               0.818       0.67867235057
                0.82       0.67978176098
               0.822       0.68088662735
               0.824       0.68198693463
               0.826        0.6830826688
               0.828       0.68417381681
                0.83       0.68526036657
               0.832       0.68634230691
               0.834       0.68741962754
               0.836        0.6884923192
               0.838       0.68956037402
                0.84       0.69062378564
               0.842       0.69168254917
               0.844       0.69273666117
               0.846       0.69378611964
               0.848         0.694830924
                0.85       0.69587107506
               0.852         0.696906575
               0.854       0.69793742738
               0.856       0.69896363709
               0.858       0.69998521032
                0.86       0.70100215457
               0.862       0.70201447863
               0.864       0.70302219254
               0.866       0.70402530756
               0.868       0.70502383619
                0.87       0.70601779213
               0.872       0.70700719022
               0.874        0.7079920465
               0.876        0.7089723781
               0.878        0.7099482033
                0.88       0.71091954144
               0.882       0.71188641295
               0.884        0.7128488393
               0.886       0.71380684297
               0.888       0.71476044747
                0.89       0.71570967738
               0.892       0.71665455837
               0.894       0.71759511724
               0.896       0.71853138183
               0.898       0.71946338106
                 0.9       0.72039114483
               0.902       0.72131470404
               0.904       0.72223409055
               0.906       0.72314933717
               0.908       0.72406047758
                0.91       0.72496754634
               0.912       0.72587057888
               0.914       0.72676961142
               0.916       0.72766468098
               0.918       0.72855582532
                0.92       0.72944308295
               0.922       0.73032649305
               0.924       0.73120609549
               0.926       0.73208193075
               0.928       0.73295403993
                0.93       0.73382246469
               0.932       0.73468724725
               0.934       0.73554843031
               0.936       0.73640605706
               0.938       0.73726017113
                0.94       0.73811081657
               0.942       0.73895803778
               0.944       0.73980187952
               0.946       0.74064238686
               0.948       0.74147960514
                0.95       0.74231357992
               0.952       0.74314435699
               0.954       0.74397198229
               0.956        0.7447965019
               0.958       0.74561796199
                0.96       0.74643640878
               0.962       0.74725188852
               0.964       0.74806444745
               0.966       0.74887413174
               0.968       0.74968098747
                0.97       0.75048506059
               0.972       0.75128639687
               0.974       0.75208504189
               0.976       0.75288104095
               0.978       0.75367443907
                0.98       0.75446528093
               0.982       0.75525361084
               0.984       0.75603947269
               0.986        0.7568229099
               0.988       0.75760396541
                0.99       0.75838268158
               0.992        0.7591591002
               0.994       0.75993326241
               0.996       0.76070520869
               0.998         0.761474979
                   1       0.76224261334
               1.002       0.76300815183
               1.004       0.76377163469
               1.006       0.76453310222
               1.008       0.76529259478
                1.01       0.76605015276
               1.012       0.76680581655
               1.014       0.76755962649
               1.016        0.7683116229
               1.018         0.769061846
                1.02       0.76981033592
               1.022       0.77055713264
               1.024       0.77130227597
               1.026       0.77204580554
               1.028       0.77278776075
                1.03       0.77352818075
               1.032        0.7742671044
               1.034       0.77500457025
               1.036       0.77574061652
               1.038       0.77647528102
                1.04       0.77720860119
               1.042         0.777940614
               1.044       0.77867135596
               1.046       0.77940086307
               1.048        0.7801291708
                1.05       0.78085631403
               1.052       0.78158232704
               1.054       0.78230724347
               1.056       0.78303109627
               1.058       0.78375391768
                1.06        0.7844757392
               1.062       0.78519659152
               1.064       0.78591650452
               1.066        0.7866355072
               1.068       0.78735362769
                1.07       0.78807089314
               1.072       0.78878732975
               1.074       0.78950296267
               1.076       0.79021781601
               1.078       0.79093191277
                1.08       0.79164527482
               1.082       0.79235792282
               1.084       0.79306987622
               1.086       0.79378115318
               1.088       0.79449177056
                1.09       0.79520174386
               1.092       0.79591108716
               1.094        0.7966198131
               1.096       0.79732793283
               1.098       0.79803545611
                 1.1       0.79874239151
               1.102       0.79944874644
               1.104       0.80015452706
               1.106        0.8008597383
               1.108       0.80156438378
                1.11       0.80226846579
               1.112       0.80297198525
               1.114       0.80367494165
               1.116       0.80437733304
               1.118       0.80507915597
                1.12       0.80578040544
               1.122       0.80648107487
               1.124       0.80718115608
               1.126       0.80788063918
               1.128       0.80857951259
                1.13       0.80927776297
               1.132       0.80997537519
               1.134       0.81067233226
               1.136       0.81136861577
               1.138        0.8120642069
                1.14       0.81275908667
               1.142       0.81345323595
               1.144       0.81414663544
               1.146       0.81483926562
               1.148       0.81553110678
                1.15       0.81622213894
               1.152        0.8169123419
               1.154       0.81760169512
               1.156       0.81829017781
               1.158       0.81897776881
                1.16       0.81966444665
               1.162       0.82035018944
               1.164       0.82103497495
               1.166       0.82171878048
               1.168       0.82240158296
                1.17       0.82308335924
               1.172       0.82376408652
               1.174       0.82444374251
               1.176        0.8251223054
               1.178        0.8257997539
                1.18       0.82647606716
               1.182       0.82715122482
               1.184       0.82782520696
               1.186       0.82849799409
               1.188       0.82916956718
                1.19       0.82983990757
               1.192       0.83050899702
               1.194        0.8311768177
               1.196       0.83184335211
               1.198       0.83250858315
                 1.2       0.83317249406
               1.202       0.83383506842
               1.204       0.83449629013
               1.206        0.8351561434
               1.208       0.83581461276
                1.21       0.83647168299
               1.212       0.83712733918
               1.214       0.83778156666
               1.216       0.83843435102
               1.218       0.83908567807
                1.22       0.83973553384
               1.222       0.84038390459
               1.224       0.84103077675
               1.226       0.84167613693
               1.228       0.84231997193
                1.23       0.84296226867
               1.232       0.84360301429
               1.234       0.84424219631
               1.236       0.84487980286
               1.238       0.84551582256
                1.24       0.84615024459
               1.242        0.8467830586
               1.244       0.84741425471
               1.246       0.84804382351
               1.248       0.84867175625
                1.25       0.84929804504
               1.252       0.84992268284
               1.254       0.85054566343
               1.256       0.85116698142
               1.258       0.85178663222
                1.26       0.85240461204
               1.262       0.85302091785
               1.264        0.8536355474
               1.266       0.85424849918
               1.268       0.85485977242
                1.27       0.85546936708
               1.272        0.8560772838
               1.274       0.85668352395
               1.276       0.85728808954
               1.278       0.85789098329
                1.28       0.85849220854
               1.282       0.85909176928
               1.284       0.85968967013
               1.286       0.86028591631
               1.288       0.86088051365
                1.29       0.86147346856
               1.292       0.86206478801
               1.294       0.86265447954
               1.296       0.86324255123
               1.298       0.86382901169
                 1.3       0.86441387004
               1.302       0.86499713592
               1.304       0.86557881943
               1.306       0.86615893117
               1.308       0.86673748218
                1.31       0.86731448396
               1.312       0.86788994844
               1.314       0.86846388797
               1.316        0.8690363153
               1.318       0.86960724358
                1.32       0.87017668633
               1.322       0.87074465743
               1.324       0.87131117111
               1.326       0.87187624194
               1.328       0.87243988481
                1.33       0.87300211491
               1.332       0.87356294771
               1.334       0.87412239899
               1.336       0.87468048476
               1.338       0.87523722128
                1.34       0.87579262506
               1.342       0.87634671281
               1.344       0.87689950146
               1.346        0.8774510081
               1.348       0.87800125002
                1.35       0.87855024466
               1.352       0.87909800958
               1.354       0.87964456248
               1.356       0.88018992118
               1.358       0.88073410359
                1.36       0.88127712768
               1.362       0.88181901149
               1.364       0.88235977313
               1.366        0.8828994307
               1.368       0.88343800234
                1.37       0.88397550617
               1.372       0.88451196031
               1.374       0.88504738282
               1.376       0.88558179171
               1.378       0.88611520494
                1.38       0.88664764035
               1.382        0.8871791157
               1.384       0.88770964859
               1.386       0.88823925651
               1.388       0.88876795678
                1.39       0.88929576654
               1.392       0.88982270273
               1.394       0.89034878207
               1.396       0.89087402104
               1.398       0.89139843589
                 1.4       0.89192204258
               1.402       0.89244485677
               1.404       0.89296689382
               1.406       0.89348816874
               1.408       0.89400869622
                1.41       0.89452849053
               1.412       0.89504756559
               1.414       0.89556593488
               1.416       0.89608361144
               1.418       0.89660060788
                1.42        0.8971169363
               1.422       0.89763260832
               1.424       0.89814763504
               1.426       0.89866202699
               1.428       0.89917579415
                1.43       0.89968894593
               1.432       0.90020149108
               1.434       0.90071343775
               1.436       0.90122479342
               1.438       0.90173556489
                1.44       0.90224575823
               1.442       0.90275537881
               1.444       0.90326443123
               1.446       0.90377291929
               1.448         0.904280846
                1.45       0.90478821355
               1.452       0.90529502324
               1.454       0.90580127551
               1.456       0.90630696987
               1.458        0.9068121049
                1.46       0.90731667823
               1.462       0.90782068647
               1.464       0.90832412522
               1.466       0.90882698903
               1.468       0.90932927141
                1.47       0.90983096509
               1.472       0.91033206229
               1.474       0.91083255474
               1.476       0.91133243367
               1.478       0.91183168976
                1.48       0.91233031317
               1.482       0.91282829351
               1.484       0.91332561982
               1.486       0.91382228054
               1.488       0.91431826354
                1.49       0.91481355605
               1.492       0.91530814482
               1.494       0.91580201655
               1.496       0.91629515806
               1.498       0.91678755632
                 1.5       0.91727919843
               1.502       0.91777007161
               1.504       0.91826016326
               1.506       0.91874946089
               1.508       0.91923795216
                1.51        0.9197256249
               1.512       0.92021246705
               1.514       0.92069846674
               1.516       0.92118361224
               1.518       0.92166789195
                1.52       0.92215129446
               1.522       0.92263380849
               1.524       0.92311542294
               1.526       0.92359612686
               1.528       0.92407590947
                1.53       0.92455476013
               1.532       0.92503266839
               1.534       0.92550962395
               1.536       0.92598561668
               1.538       0.92646063662
                1.54       0.92693467397
               1.542       0.92740771911
               1.544       0.92787976258
               1.546       0.92835079509
               1.548       0.92882080752
                1.55       0.92928979092
               1.552       0.92975773652
               1.554        0.9302246357
               1.556       0.93069048004
               1.558       0.93115526125
                1.56       0.93161897126
               1.562       0.93208160212
               1.564       0.93254314609
               1.566       0.93300359557
               1.568       0.93346294313
                1.57       0.93392118154
               1.572       0.93437830369
               1.574       0.93483430267
               1.576       0.93528917171
               1.578       0.93574290421
                1.58       0.93619549375
               1.582       0.93664693403
               1.584       0.93709721894
               1.586       0.93754634252
               1.588       0.93799429894
                1.59       0.93844108255
               1.592       0.93888668782
               1.594        0.9393311094
               1.596       0.93977434206
               1.598       0.94021638071
                 1.6        0.9406572204
               1.602       0.94109685631
               1.604       0.94153528376
               1.606       0.94197249819
               1.608       0.94240849517
                1.61       0.94284327037
               1.612        0.9432768196
               1.614       0.94370913876
               1.616       0.94414022387
               1.618       0.94457007104
                1.62       0.94499867649
               1.622       0.94542603651
               1.624        0.9458521475
               1.626       0.94627700593
               1.628       0.94670060834
                1.63       0.94712295135
               1.632       0.94754403163
               1.634       0.94796384593
               1.636       0.94838239101
               1.638       0.94879966373
                1.64       0.94921566093
               1.642       0.94963037952
               1.644       0.95004381641
               1.646       0.95045596854
               1.648       0.95086683286
                1.65       0.95127640629
               1.652       0.95168468578
               1.654       0.95209166823
               1.656       0.95249735054
               1.658       0.95290172955
                1.66       0.95330480209
               1.662        0.9537065649
               1.664       0.95410701468
               1.666       0.95450614805
               1.668       0.95490396155
                1.67       0.95530045162
               1.672       0.95569561461
               1.674       0.95608944674
               1.676       0.95648194411
               1.678       0.95687310269
                1.68       0.95726291838
               1.682       0.95765138711
               1.684       0.95803850493
               1.686        0.9584242679
               1.688       0.95880867219
                1.69       0.95919171399
               1.692       0.95957338954
               1.694       0.95995369512
               1.696       0.96033262705
               1.698       0.96071018166
                 1.7        0.9610863553
               1.702       0.96146114431
               1.704       0.96183454504
               1.706       0.96220655383
               1.708       0.96257716699
                1.71       0.96294638081
               1.712       0.96331419152
               1.714       0.96368059531
               1.716       0.96404558832
               1.718       0.96440916662
                1.72       0.96477132623
               1.722       0.96513206312
               1.724       0.96549137322
               1.726       0.96584925236
               1.728       0.96620569631
                1.73       0.96656070076
               1.732       0.96691426128
               1.734       0.96726637333
               1.736       0.96761703225
               1.738       0.96796623323
                1.74       0.96831397135
               1.742       0.96866024149
               1.744       0.96900503837
               1.746       0.96934835652
               1.748       0.96969019028
                1.75       0.97003053378
               1.752       0.97036938092
               1.754       0.97070672534
               1.756       0.97104256045
               1.758        0.9713768794
                1.76       0.97170967501
               1.762       0.97204093986
               1.764       0.97237066618
               1.766       0.97269884587
               1.768       0.97302547054
                1.77       0.97335053169
               1.772       0.97367402092
               1.774       0.97399592986
               1.776       0.97431625017
               1.778        0.9746349735
                1.78       0.97495209149
               1.782       0.97526759569
               1.784       0.97558147758
               1.786       0.97589372851
               1.788       0.97620433968
                1.79       0.97651330213
               1.792       0.97682060667
               1.794       0.97712624392
               1.796       0.97743020427
               1.798        0.9777324779
                 1.8       0.97803305468
               1.802        0.9783319242
               1.804       0.97862907573
               1.806       0.97892449831
               1.808       0.97921818133
                1.81       0.97951011476
               1.812       0.97980028909
               1.814       0.98008869541
               1.816       0.98037532531
               1.818       0.98066017095
                1.82         0.980943225
               1.822       0.98122448067
               1.824       0.98150393167
               1.826       0.98178157223
               1.828       0.98205739708
                1.83       0.98233140148
               1.832       0.98260358139
               1.834       0.98287393349
               1.836       0.98314245517
               1.838       0.98340914456
                1.84       0.98367400044
               1.842        0.9839370223
               1.844       0.98419821029
               1.846        0.9844575652
               1.848       0.98471508847
                1.85       0.98497078217
               1.852       0.98522464898
               1.854       0.98547669218
               1.856       0.98572691564
               1.858        0.9859753238
                1.86       0.98622192166
               1.862       0.98646671479
               1.864        0.9867097093
               1.866       0.98695091204
               1.868       0.98719033073
                1.87       0.98742797386
               1.872       0.98766385075
               1.874        0.9878979715
               1.876       0.98813034694
               1.878       0.98836098867
                1.88       0.98858990898
               1.882       0.98881712088
               1.884       0.98904263804
               1.886       0.98926647479
               1.888        0.9894886461
                1.89       0.98970916756
               1.892       0.98992805534
               1.894       0.99014532626
               1.896       0.99036099783
               1.898       0.99057508828
                 1.9       0.99078761654
               1.902       0.99099860224
               1.904       0.99120806567
               1.906       0.99141602776
               1.908        0.9916225101
                1.91       0.99182753492
               1.912       0.99203112501
               1.914       0.99223330382
               1.916       0.99243409533
               1.918       0.99263352412
                1.92        0.9928316153
               1.922       0.99302839453
               1.924         0.993223888
               1.926        0.9934181224
               1.928       0.99361112492
                1.93       0.99380292323
               1.932       0.99399354548
               1.934       0.99418302024
               1.936       0.99437137657
               1.938       0.99455864392
                1.94       0.99474485217
               1.942       0.99493003158
               1.944       0.99511421283
               1.946       0.99529742694
               1.948        0.9954797053
                1.95       0.99566107966
               1.952       0.99584158209
               1.954       0.99602124497
               1.956       0.99620010101
               1.958       0.99637818319
                1.96       0.99655552478
               1.962       0.99673215932
               1.964        0.9969081206
               1.966       0.99708344266
               1.968       0.99725815975
                1.97       0.99743230634
               1.972       0.99760591713
               1.974       0.99777902697
               1.976        0.9979516709
               1.978       0.99812388415
                1.98       0.99829570206
               1.982       0.99846716014
               1.984       0.99863829402
               1.986       0.99880913942
               1.988       0.99897973218
                1.99       0.99915010825
               1.992       0.99932030361
               1.994       0.99949035433
               1.996       0.99966029653
               1.998       0.99983016636
                   2                   1
