                0.02     0.0072930081192       0.02228640559
                0.04      0.029663653126      0.047920954248
                0.06      0.044448351004      0.071702820762
                0.08      0.059330552925      0.095175617377
                 0.1      0.073972306113       0.11842682701
                0.12      0.088564360421       0.14100898439
                0.14       0.10325311959       0.16306572246
                0.16       0.11756071743       0.18454823864
                0.18       0.13250122126       0.20554202478
                 0.2        0.1464944298       0.22543557324
                0.22       0.16077964965       0.24480191117
                0.24       0.17532160354       0.26282760388
                0.26       0.18991224619       0.28081675233
                0.28       0.20386869849       0.29858589188
                 0.3       0.21781467821        0.3153460269
                0.32        0.2335472673       0.33228618665
                0.34       0.24885642095       0.34948837406
                0.36       0.26400134232       0.36480594918
                0.38        0.2774530039       0.37914487252
                 0.4       0.29046494329       0.39284569524
                0.42        0.3036626981       0.40723150129
                0.44       0.31880058796       0.42388753563
                0.46       0.33387583589       0.43832199137
                0.48       0.34838500899       0.45357645945
                 0.5       0.36259630748       0.46934955625
                0.52       0.37547457076       0.48410129606
                0.54       0.38942746873       0.49976291336
                0.56       0.40262852075       0.51503284288
                0.58       0.41646555769       0.53088859599
                 0.6       0.43072470983       0.54514497612
                0.62       0.44583935307       0.55861873436
                0.64       0.46091727742       0.57145450845
                0.66       0.47463935823       0.58488840291
                0.68       0.48824124887       0.59727029989
                 0.7       0.50021766883       0.60972276999
                0.72       0.51175558426       0.62229712684
                0.74       0.52308928507       0.63662788974
                0.76       0.53477547619       0.64779175274
                0.78       0.54601611759       0.66060846044
                 0.8       0.55793317747       0.67037370543
                0.82       0.56893600334       0.68198889545
                0.84       0.57974126297       0.69245520465
                0.86       0.59121207002       0.70242180478
                0.88       0.60231237189       0.71344868685
                 0.9       0.61399464207       0.72346943026
                0.92       0.62465166054       0.73284223602
                0.94       0.63488717661       0.74160211668
                0.96       0.64709856605       0.75009242015
                0.98       0.65825637908        0.7595344577
                   1       0.66898834305       0.76909658418
                1.02       0.67905876267       0.77706652784
                1.04       0.68824626468       0.78513252293
                1.06       0.70031388994       0.79404845583
                1.08       0.71194836273       0.80167091604
                 1.1       0.72287838353       0.80939338393
                1.12       0.73213541609       0.81823921519
                1.14       0.74191045545       0.82565769933
                1.16       0.75173841538       0.83423916202
                1.18       0.76159628139       0.84158786922
                 1.2       0.77120313464       0.84920032112
                1.22       0.77914251043       0.85730903295
                1.24       0.78864139329       0.86491465279
                1.26       0.79511761895       0.87186626053
                1.28       0.80209083749       0.87867331884
                 1.3       0.80887721987       0.88532857287
                1.32       0.81661013871       0.89183450482
                1.34       0.82307084955       0.89724693302
                1.36       0.82894186853       0.90227237851
                1.38       0.83234510779       0.90640421298
                 1.4       0.83594678288       0.91119780638
                1.42       0.83976267416       0.91514969586
                1.44       0.84391296933       0.91899656852
                1.46       0.84787623976       0.92233000968
                1.48       0.85069395311       0.92547994588
                 1.5       0.85443901264       0.92910756929
                1.52       0.85863594354       0.93267232758
                1.54       0.86220262484       0.93609363327
                1.56       0.86599292656       0.93904766003
                1.58       0.86996955291       0.94203823301
                 1.6       0.87583749816        0.9458017064
                1.62       0.88105655492       0.94987506146
                1.64       0.88662164702       0.95345470335
                1.66       0.89290521823       0.95745708948
                1.68       0.89890529241       0.96141970517
                 1.7       0.90429889181       0.96552392051
                1.72       0.91020658151       0.96879304655
                1.74       0.91553120617       0.97222170445
                1.76       0.92169108863       0.97542741864
                1.78       0.92759928321       0.97867881688
                 1.8       0.93330474218       0.98149256685
                1.82       0.93932304559       0.98423270189
                1.84       0.94408997528       0.98665749306
                1.86       0.94954115494       0.98875765656
                1.88       0.95676080706       0.99078322208
                 1.9       0.96400505276       0.99266899483
                1.92        0.9711783904       0.99440525451
                1.94        0.9779983462       0.99595447378
                1.96       0.98536119982       0.99736306376
                1.98       0.99269204136       0.99869929045
