    0.00060859834775         0
    0.00075311586261         0
     0.0014340821654         0
     0.0059418673627         0
     0.0079640573822         0
      0.009232070297         0
      0.011244753841         0
      0.012280820869         0
      0.012426123489         0
      0.012584593613         0
      0.016497793142         0
      0.019969151821         0
      0.022468745243         0
        0.0225939909         0
      0.022930003703         0
      0.024275904521         0
      0.025061934255         0
      0.025716209784         0
      0.027551649138         0
        0.0341304373         0
      0.035648843739         0
      0.037111281417         0
      0.038572731428         0
      0.041058233008         0
      0.044465564657         0
      0.048306656536         1
      0.050851006526         0
      0.050875557121         0
      0.053276450839         0
       0.05773015786         0
      0.060238872189         0
      0.060476750601         0
      0.060867635999         0
      0.060938754585         0
      0.064056364819         0
      0.065772976261         0
      0.066116973292         0
      0.066350872163         0
      0.067483467516         0
      0.067830320448         0
      0.069558178075         0
      0.070604618639         0
      0.072466675658         0
      0.072765327059         0
      0.074008763302         0
      0.075642342214         1
      0.075827913824         0
      0.075836351607         0
      0.077353234868         0
      0.077780925669         0
      0.078596717678         0
      0.079750444274         0
      0.082877964713         0
      0.082964811474         1
       0.08303562738         0
       0.08386434475         0
      0.084749783389         0
      0.087963962927         0
       0.09093695553         0
      0.091695539653         0
      0.092194347177         0
      0.092283671256         0
      0.092555740383         1
      0.093177695759         0
      0.099304381758         1
      0.099971097428         0
       0.10041917628         0
       0.10044981539         0
       0.10062302323         0
       0.10108855786         0
       0.10128571093         0
       0.10240330407         1
       0.10516511323         0
       0.10660051554         0
       0.10884097498         0
       0.10937745869         0
       0.11445519608         0
       0.11479401402         0
       0.11529145017         0
       0.12072757678         0
       0.12075676955         0
        0.1235824069         0
       0.12496172218         0
       0.12812549807         0
       0.12837251322         0
       0.12992871506         0
       0.13115651254         0
       0.13387705851         1
       0.13433961291         0
       0.13646806683         1
       0.13914251979         0
       0.13977148198         0
        0.1445278069         0
       0.14872836461         0
       0.15214287722         0
       0.15994897159         0
       0.16024772124         0
       0.16065967362         0
        0.1618217174         0
       0.16240687575         0
       0.16306200158         0
       0.16317797545         0
       0.16400391841         1
       0.16455065506         0
       0.16510925302         0
       0.16527343262         0
       0.16684497194         0
       0.16814295435         0
       0.17309136363         1
       0.17310891254         1
       0.17336925864         1
       0.17499804916         0
         0.189554343         1
       0.19153925125         0
       0.19324835623         0
       0.20227084635         0
       0.20931928512         1
       0.21089110943         1
       0.21196668595         0
       0.21210464975         0
       0.21226152265         0
        0.2135656178         0
       0.21380066453         0
       0.21430935245         0
       0.21468599048         0
       0.21792577207         0
        0.2183412197         0
        0.2192653711         0
       0.22114656027         0
       0.22118193842         0
       0.22255735612         1
       0.22578012198         0
       0.22768299235         0
       0.22812351771         0
       0.22917623678         0
       0.23006919632         1
       0.23536483571         0
       0.23686021008         0
       0.23900544131         0
       0.24187770812         0
       0.24298643414         0
        0.2449700213         1
       0.24510190077         0
       0.24589177594         1
       0.24876479851         0
       0.25331728766         1
       0.25510858838         0
       0.25701525947         0
       0.25821257289         0
       0.26183775207         1
       0.26254036697         1
       0.26457160572         0
       0.26599182421         0
       0.26727867825         0
       0.26917682448         0
       0.27015023492         0
       0.27054535551         0
       0.27085835533         1
       0.27162318351         0
        0.2796153524         0
       0.28172443341         1
        0.2824609885         0
       0.28692686744         0
       0.28827625094         0
       0.29027893487         0
       0.29046437424         0
       0.29075016547         0
       0.29128093086         1
       0.29201024864         0
        0.2951779617         1
       0.29699432896         0
        0.2984979027         0
       0.30284857238         0
       0.30434746854         0
       0.30563661596         1
       0.30579985119         0
       0.30785947572         1
       0.30849518301         1
       0.30982163828         0
       0.31647475762         1
       0.31802867074         0
       0.32014279626         1
       0.32089818222         1
       0.32262061071         0
       0.32357749576         0
       0.32734013349         0
       0.32813657401         1
       0.32876224024         0
       0.32948636636         0
       0.33291549329         0
       0.33373747673         0
       0.33561399113         0
       0.33844864415         0
       0.34401479457         0
       0.34479955351         0
       0.34517165739         0
       0.34753939789         0
       0.34797589108         1
       0.34801339125         0
       0.35133678187         0
       0.35267340764         0
       0.35351325572         0
        0.3535922314         0
       0.35376800224         0
       0.35749629792         0
       0.36074024718         0
       0.36119357636         0
       0.36121008033         0
       0.36364304787         1
       0.36626688903         1
       0.36726170126         1
        0.3674462745         0
       0.36902861809         0
       0.37080868753         1
       0.37575460272         1
       0.37607200583         0
       0.37931895023         0
       0.37965536024         0
       0.38590744324         1
       0.39016305236         0
       0.39683962381         0
       0.39697795594         0
       0.39726749854         0
       0.40322121326         0
       0.40758547187         1
       0.40815788042         1
       0.41183931101         1
       0.41255922895         0
       0.41470246809         0
       0.41511572571         1
       0.41572998976         1
       0.41757782176         0
        0.4178362824         0
         0.419584007         1
       0.41975717992         0
       0.41994969081         0
       0.42184002046         0
        0.4243951817         1
       0.43309559254         0
         0.438578601         0
       0.43915291363         0
       0.44095912902         0
       0.44903510343         1
        0.4545811438         0
       0.45564060472         0
       0.45703082997         0
       0.45873127924         0
       0.45880482998         0
       0.45992239984         0
       0.46004937496         0
       0.46029443806         0
        0.4621745022         1
       0.46303253295         0
       0.46804657346         1
       0.46884227544         0
       0.46890228009         0
       0.47090101661         1
        0.4729841887         1
       0.47681445722         1
        0.4794377815         1
       0.48056186596         0
       0.48323117942         0
       0.48459223611         1
       0.48709610524         0
       0.48933653021         0
       0.50180158904         1
       0.50586606376         1
       0.50812265091         1
       0.50876547303         0
       0.51043506106         1
       0.51194013515         1
       0.51246236637         1
       0.51438773097         0
       0.51998104621         0
       0.52020200063         1
       0.52178601082         0
       0.52824463602         0
       0.52947245771         0
       0.53056017216         0
       0.53099979553         0
       0.53337099776         0
       0.53425257001         0
       0.53436413361         1
       0.53480421193         0
       0.53568527801         0
       0.53589798324         1
       0.53654662892         1
       0.53975026915         1
       0.54046703735         1
       0.54062362295         1
       0.54093418084         0
       0.54379132669         0
       0.54648556421         0
       0.55193250859         1
       0.55217791535         0
       0.55264171725         1
       0.55430659605         0
       0.55865624407         1
       0.56396258809         0
       0.56565639796         1
       0.56956063537         1
       0.57050681347         0
       0.57184629282         1
       0.57578204479         0
       0.57614566619         1
       0.57669491833         1
       0.58003680455         0
       0.58018285735         1
       0.58114319528         1
       0.58687633369         0
       0.58782074647         0
       0.59052885789         1
       0.59200680489         1
       0.59349282924         0
       0.59846879635         1
       0.60188900772         1
       0.60303296847         0
       0.60323535092         0
       0.60417164955         1
       0.60493064858         1
         0.606558681         0
        0.6147993654         0
       0.61517335847         0
       0.61979542114         1
       0.62170583429         1
       0.62291956367         1
       0.62545568636         0
       0.62613879703         1
       0.62847148813         0
       0.63039748929         1
       0.63362454623         0
       0.63436475629         1
       0.63534291368         0
       0.63857056573         0
       0.64105253154         1
       0.64579897467         0
       0.64709869213         0
       0.64900975348         0
       0.65061679762         0
        0.6512942058         1
       0.65679915342         1
       0.65745991468         0
       0.65898234118         0
       0.66145110177         0
       0.66191288782         0
       0.66461605253         1
       0.66492377548         1
       0.66548279254         0
       0.66873022728         0
       0.67144288495         0
        0.6723774136         0
       0.67273714021         0
       0.67408373067         0
       0.67551570758         0
       0.67661871901         1
       0.68031135947         0
       0.68064400973         1
       0.68122535106         0
       0.68306666333         0
        0.6859366009         1
       0.68634999404         1
       0.68728318205         0
       0.68921358744         1
       0.69043275202         1
       0.69281351333         1
       0.69671015162         1
       0.69843123201         1
       0.70086086681         1
       0.70113646938         1
       0.70376806334         0
       0.70562677365         1
       0.70778711839         0
       0.71450285567         1
        0.7162312679         1
       0.71715426259         0
       0.71725886269         1
       0.72058228496         0
       0.72285804385         1
       0.72292866185         1
       0.72428749269         1
       0.72871904215         1
       0.72951068729         1
       0.73119796673         1
       0.73126974376         1
       0.73299756553         1
       0.73506441759         0
       0.73753662268         0
       0.74159140326         1
       0.74612065544         1
       0.74645088939         1
       0.74730057735         1
        0.7585224919         0
       0.75913093565         0
       0.75989298103         0
        0.7618876216         1
       0.76692772331         0
       0.76962119946         1
       0.77219617274         1
       0.77527668653         0
       0.77627699403         1
       0.78003853979         0
       0.78106413363         0
       0.78253410524         1
       0.78277648985         1
       0.78655808093         1
       0.78727616509         1
       0.78794879885         1
       0.79168274952         1
       0.79395532375         1
       0.79458987014         0
       0.79556387477         1
       0.79782586405         1
       0.80005424609         0
        0.8013938372         1
       0.80158424471         1
       0.80169216683         1
        0.8021861841         1
       0.80780048901         1
        0.8078266317         0
        0.8096739063         1
       0.81033935351         1
       0.81045318209         1
       0.81097627897         0
        0.8155579106         1
       0.81831430411         0
       0.82039108686         1
        0.8205253738         0
        0.8206917136         0
       0.82252700347         0
       0.82610061392         0
         0.827204498         1
       0.82769992156         1
        0.8278670744         0
       0.82886422612         1
        0.8307456146         1
       0.83343028044         0
       0.83343917876         0
       0.83631847054         1
       0.84085552674         1
       0.84520405717         0
       0.84598884545         1
       0.84897651616         1
       0.85080912104         1
       0.86072258838         1
       0.86130822403         1
       0.86169973342         0
       0.86173761543         1
       0.86176479096         1
       0.86182520399         1
       0.86494010873         1
       0.86899056518         1
       0.87062056875         0
       0.87265007664         0
       0.87557567889         0
       0.87653611414         0
       0.87738967268         1
       0.87794683315         0
       0.87821258372         1
       0.87879097695         0
       0.87912839279         1
       0.88308650162         1
       0.88720084587         1
       0.88924258016         1
         0.895390369         1
       0.89566561859         0
       0.89806741523         0
       0.90051005688         1
       0.90090199653         0
        0.9016679083         1
       0.90855555702         0
       0.90887182066         1
       0.91478499258         0
       0.91483022459         1
       0.91549792234         0
       0.91717561008         1
       0.91994061973         1
       0.92524398025         1
       0.92593052844         1
       0.92774011753         1
       0.92856835062         0
       0.93146253377         1
       0.94064728403         1
       0.94178515347         1
       0.94320188882         1
        0.9494318082         1
       0.95002681203         0
        0.9503526031         1
       0.95064713573         0
       0.95086320676         1
       0.95494452491         1
       0.95514824754         1
       0.95576888323         1
       0.95868616505         1
        0.9607330435         1
       0.96151378425         0
       0.96221393347         1
       0.96767327795         0
       0.97311300226         1
       0.97376818955         1
       0.97485679807         1
       0.97753986251         1
        0.9781159549         0
       0.97979677189         1
       0.98041075375         0
       0.98303503357         1
       0.98335673846         0
       0.98428654484         1
       0.98493638588         1
       0.98678432498         1
       0.98860169621         1
       0.99406130286         1
       0.99513538415         0
       0.99560053693         0
       0.99583140947         0
       0.99753503269         1
        0.9986667498         0
        1.0006296933         1
        1.0007630871         0
        1.0014608437         1
        1.0035233088         1
        1.0036446168         0
        1.0039979927         1
        1.0052618864         1
        1.0055777212         1
        1.0065112519         0
        1.0103371064         1
        1.0114276507         1
        1.0147704841         0
         1.015465972         1
        1.0166700962         1
        1.0167549853         1
        1.0175338374         1
        1.0216464689         1
        1.0240556928         1
        1.0257152906         0
        1.0264268331         0
        1.0267462572         0
        1.0291608111         1
        1.0314621152         1
        1.0323364148         1
        1.0342572406         1
         1.034855186         0
        1.0377889108         0
        1.0412910925         0
        1.0421042335         1
        1.0421754788         0
         1.046696688         1
        1.0482283072         0
        1.0497388784         0
        1.0516135008         1
        1.0524465544         0
        1.0622528507         1
        1.0639902656         1
        1.0666715638         1
        1.0677598733         0
        1.0692981048         1
        1.0714289234         1
        1.0737384935         1
        1.0740521261         1
        1.0776132117         1
        1.0824028449         1
        1.0826531039         1
        1.0831320016         1
        1.0835570768         1
        1.0853799009         1
         1.088329256         1
        1.0884051607         1
        1.0896501709         1
        1.0900302287         1
        1.0902956263         1
        1.0908180433         1
        1.0919442526         1
        1.0935944295         1
        1.0952924057         1
        1.0953285419         1
        1.0965460469         0
        1.0976184248         1
          1.10186397         1
        1.1020558295         1
        1.1035075407         1
        1.1112043015         1
        1.1140360767         1
         1.118892312         1
        1.1193537964         1
        1.1209734729         1
        1.1244295742         0
        1.1271430044         1
        1.1284492221         0
        1.1286980929         1
        1.1327367821         0
        1.1345100356         1
        1.1467236085         1
        1.1487399577         1
        1.1576778973         1
        1.1597409979         1
        1.1645128252         1
        1.1649632896         1
        1.1657795063         1
         1.167240127         1
        1.1732565779         1
        1.1744295047         1
        1.1781503391         1
         1.181169501         1
        1.1843309426         1
        1.1876457767         1
        1.1888096887         1
        1.1890265052         0
        1.1912107449         1
        1.1950812093         0
        1.2038633195         1
         1.205089862         1
        1.2069356055         1
        1.2082914184         1
        1.2110718712         1
         1.211900725         1
        1.2135358872         1
         1.214168407         1
        1.2147937748         1
        1.2179755028         1
        1.2281789021         1
        1.2284625527         0
        1.2287286073         0
        1.2311014538         1
        1.2324795015         1
         1.232757932         1
        1.2331398311         1
        1.2346484056         0
        1.2346964064         0
        1.2354854736         1
        1.2360449811         0
         1.238253389         1
        1.2419007714         1
        1.2420349172         1
        1.2432323098         1
        1.2442801856         1
         1.246580075         1
         1.246751179         1
        1.2477912656         1
         1.251829864         1
        1.2522639497         0
        1.2523957989         0
        1.2525010295         1
        1.2540670815         1
        1.2553058155         1
        1.2558164056         1
        1.2569103749         1
        1.2607855769         0
        1.2621559296         1
        1.2623456214         1
        1.2638707184         1
        1.2650592504         1
        1.2657244233         1
        1.2666230556         1
        1.2679038825         1
        1.2698120847         1
        1.2702409858         0
        1.2703656084         1
        1.2704674331         1
        1.2716954863         1
        1.2727434584         1
        1.2769230413         1
        1.2772429525         1
        1.2782916804         1
        1.2786332406         1
        1.2804156621         0
        1.2836329998         1
        1.2838498461         1
         1.286353712         1
         1.286624223         1
        1.2904102462         0
        1.2905582613         1
        1.2913164566         1
        1.2923511011         1
        1.2954364135         0
         1.295970622         0
         1.296817923         1
        1.2975610867         1
        1.2992222635         1
        1.3010749663         1
        1.3045989103         1
        1.3079086589         1
        1.3094346998         1
        1.3103737254         1
        1.3110388853         1
        1.3147358634         1
        1.3165730424         1
        1.3179311096         1
        1.3184254388         1
        1.3188657765         1
         1.324426109         1
        1.3260611878         0
        1.3291040063         1
        1.3297563251         1
        1.3348585614         1
        1.3349354556         1
        1.3352836012         1
        1.3405241114         1
        1.3405626914         1
        1.3419233109         1
        1.3424788965         1
        1.3498702031         0
        1.3501841626         1
        1.3502988755         1
        1.3536543273         1
        1.3546965434         1
        1.3550035106         1
        1.3558407351         1
          1.36346308         0
        1.3647067025         1
        1.3654006021         1
        1.3696424444         1
        1.3696651198         0
        1.3699218687         1
        1.3716301657         1
        1.3718871819         1
        1.3720105169         1
        1.3720393609         1
        1.3735154457         1
        1.3738821042         1
        1.3748676246         1
        1.3749142922         1
        1.3751996714         1
        1.3757284936         1
        1.3765776944         1
        1.3848242331         1
        1.3864523289         1
        1.3881383045         1
         1.388846531         1
        1.3913128148         1
        1.4024716057         1
        1.4034248395         1
        1.4157806123         1
        1.4211135097         1
        1.4263089942         1
        1.4272956927         0
        1.4294539075         1
        1.4295129017         0
        1.4314138284         1
         1.433726734         1
          1.43503212         1
        1.4353905898         1
        1.4364303281         1
        1.4379848018         0
        1.4383532885         1
        1.4409259208         1
        1.4424406546         1
        1.4442831511         1
        1.4456526134         1
        1.4464875301         1
        1.4487297605         0
        1.4516141634         1
        1.4560380499         1
         1.456305902         1
        1.4598116851         1
        1.4601455196         1
        1.4632286564         0
        1.4639733443         1
        1.4690208179         1
        1.4697616072         1
        1.4709063438         1
        1.4730066792         1
        1.4792298609         1
        1.4826707537         0
        1.4861151585         1
        1.4863208188         1
        1.4876935175         0
        1.4894146021         1
        1.4919223809         1
        1.4919713647         1
        1.4931213688         1
        1.4947426422         1
         1.503444558         1
        1.5057790033         1
        1.5069575133         1
        1.5072428179         1
        1.5080995015         0
        1.5094227791         1
        1.5154132727         1
        1.5167381871         1
        1.5171236452         1
        1.5189812649         1
        1.5221362044         1
        1.5228410815         1
        1.5230202293         1
        1.5233380767         1
        1.5239778641         0
        1.5243002176         1
        1.5259748315         1
        1.5301981964         1
        1.5308973612         1
        1.5343010165         1
        1.5365462918         1
        1.5371373906         1
        1.5392830991         1
        1.5413944307         1
        1.5418692934         0
        1.5422045938         1
        1.5459960974         1
        1.5460732193         1
         1.547945492         1
        1.5488293967         1
        1.5505445362         1
        1.5526714381         1
        1.5535741597         1
        1.5562538342         1
        1.5604528291         1
        1.5614590817         1
        1.5690232399         1
        1.5702153933         1
        1.5767999226         1
        1.5773350527         1
        1.5788557502         1
        1.5854828251         1
         1.586236171         1
        1.5885389047         0
        1.5902233436         1
        1.5908454861         1
        1.5923506436         1
        1.5924948626         1
         1.594479695         1
        1.5961323916         1
        1.6041540042         1
        1.6041554189         1
        1.6052862741         1
        1.6064956174         1
        1.6069501108         1
        1.6102187005         1
        1.6116059334         1
        1.6136748223         1
        1.6159215607         1
        1.6193020693         1
        1.6243240973         0
        1.6247644923         1
         1.626665384         1
        1.6271602237         1
        1.6294471649         1
        1.6314633032         1
        1.6363955135         1
        1.6374905822         1
        1.6375194732         1
        1.6393280928         0
        1.6399641731         1
        1.6415760135         1
         1.642983255         1
        1.6443344289         1
        1.6473891349         1
        1.6481643966         1
        1.6488490342         1
        1.6590007935         0
        1.6595554068         1
        1.6648645899         0
        1.6672790316         1
        1.6748192338         1
        1.6796255466         1
        1.6800126787         1
        1.6842459869         1
        1.6897249357         1
         1.690461053         1
        1.6905204789         1
        1.6926078466         1
        1.6964498772         1
        1.6969571514         1
        1.7025635233         1
        1.7176164798         1
        1.7188945562         1
        1.7249828409         1
        1.7267305376         1
        1.7271180656         1
        1.7279571537         1
        1.7298511346         1
        1.7321979813         1
        1.7322036419         1
        1.7336675315         1
        1.7357059857         0
        1.7358741499         1
        1.7382347086         1
        1.7403608095         1
         1.743463973         1
        1.7435914762         1
        1.7437059539         1
        1.7446146528         1
        1.7449911796         1
        1.7454808494         1
        1.7529392331         1
        1.7542820801         1
        1.7548298701         1
        1.7561473749         1
        1.7577672442         1
        1.7592026489         1
        1.7606961834         1
        1.7644922268         1
        1.7648196709         1
        1.7679940015         1
        1.7691202783         1
        1.7694735061         1
        1.7758877655         1
        1.7779208035         1
        1.7859878018         1
        1.7891118079         1
        1.7901792037         1
        1.7983762356         1
        1.8042621855         1
        1.8079270087         1
        1.8081046059         1
         1.811028698         1
        1.8137951796         1
        1.8150441325         1
        1.8159652045         1
        1.8161573559         1
         1.816471864         1
        1.8171572126         1
        1.8179870369         1
        1.8204298778         1
        1.8209284483         1
        1.8212255538         1
        1.8220912307         1
        1.8246294372         0
        1.8263381333         1
        1.8289889698         1
        1.8290806655         1
        1.8295201729         1
        1.8298971215         1
         1.830694343         1
         1.831460922         1
          1.83185799         1
        1.8340191529         1
        1.8349375003         1
        1.8353533247         1
        1.8431362943         1
        1.8466826691         1
        1.8467809078         1
        1.8514597137         1
         1.851890075         1
        1.8550769482         1
        1.8579842541         1
        1.8581284313         1
        1.8630949608         1
        1.8640878676         1
        1.8642975749         1
        1.8709820881         1
        1.8729340495         1
        1.8745048335         1
        1.8765006126         1
        1.8791322331         1
        1.8799789357         1
        1.8811600939         1
        1.8836077647         1
        1.8880822118         1
        1.8901668955         1
        1.8915719432         1
        1.8952189321         1
          1.90115509         1
        1.9024182302         1
        1.9028892401         1
        1.9045722936         1
        1.9063631902         1
        1.9064111235         1
        1.9086271697         1
        1.9105710802         1
        1.9106180212         1
        1.9108537342         1
        1.9160343045         1
        1.9172832025         1
        1.9187241551         1
        1.9233921948         1
        1.9286064142         1
        1.9309370415         1
        1.9452687576         1
         1.946249377         1
        1.9487763667         1
        1.9503762382         1
        1.9514705599         1
        1.9518846977         1
        1.9544415725         1
        1.9555363338         1
        1.9581597596         1
        1.9586098818         1
        1.9587123794         1
        1.9592825146         1
        1.9600094524         1
         1.960579263         1
        1.9623446846         1
        1.9638118972         1
        1.9648574363         1
        1.9669630378         1
        1.9686936149         1
        1.9716933509         1
        1.9749139384         1
        1.9752217336         1
        1.9753297498         1
        1.9777531833         1
        1.9842769979         1
        1.9843576266         1
        1.9852874167         1
        1.9885979299         1
        1.9888329543         1
        1.9896736485         1
        1.9914125898         1
        1.9946576958         1
        1.9946592264         1
