               0.002        1.0583190103
               0.004         1.057612335
               0.006        1.0568999905
               0.008        1.0561826224
                0.01        1.0554608973
               0.012        1.0547354993
               0.014        1.0540071275
               0.016        1.0532764926
               0.018        1.0525443147
                0.02        1.0518113203
               0.022        1.0510782405
               0.024        1.0503458086
               0.026        1.0496147579
               0.028        1.0488858202
                0.03        1.0481597238
               0.032        1.0474371917
               0.034        1.0467189407
               0.036        1.0460056799
               0.038        1.0452981098
                0.04        1.0445969214
               0.042        1.0439027951
               0.044        1.0432163999
               0.046        1.0425383933
               0.048        1.0418694204
                0.05        1.0412101132
               0.052          1.04056109
               0.054        1.0399229548
               0.056        1.0392962965
               0.058         1.038681689
                0.06          1.03807969
               0.062        1.0374908412
               0.064         1.036915668
               0.066        1.0363546788
               0.068         1.035808365
                0.07        1.0352772008
               0.072        1.0347616431
               0.074        1.0342621312
               0.076        1.0337790869
               0.078        1.0333129143
                0.08        1.0328639998
               0.082        1.0324327121
               0.084        1.0320194021
               0.086        1.0316244032
               0.088        1.0312480312
                0.09        1.0308905842
               0.092        1.0305523431
               0.094        1.0302335714
               0.096        1.0299345153
               0.098        1.0296554042
                 0.1        1.0293964503
               0.102        1.0291578495
               0.104        1.0289397806
               0.106        1.0287424065
               0.108        1.0285658738
                0.11        1.0284103131
               0.112        1.0282758393
               0.114        1.0281625515
               0.116         1.028070534
               0.118        1.0279998555
                0.12        1.0279505701
               0.122        1.0279227173
               0.124         1.027916322
               0.126        1.0279313951
               0.128        1.0279679336
                0.13        1.0280259207
               0.132        1.0281053262
               0.134        1.0282061067
               0.136         1.028328206
               0.138        1.0284715549
                0.14        1.0286360719
               0.142        1.0288216635
               0.144        1.0290282254
               0.146        1.0292556423
               0.148        1.0295037889
                0.15        1.0297725297
               0.152        1.0300617195
               0.154        1.0303712036
               0.156         1.030700818
               0.158        1.0310503896
                0.16         1.031419737
               0.162        1.0318086698
               0.164        1.0322169898
               0.166        1.0326444906
               0.168        1.0330909582
                0.17        1.0335561713
               0.172         1.034039901
               0.174        1.0345419053
               0.176        1.0350619206
               0.178        1.0355996779
                0.18        1.0361549049
               0.182        1.0367273259
               0.184        1.0373166626
               0.186        1.0379226337
               0.188        1.0385449571
                0.19        1.0391833508
               0.192        1.0398375333
               0.194        1.0405072233
               0.196          1.04119214
               0.198         1.041892003
                 0.2        1.0426065324
               0.202        1.0433354488
               0.204        1.0440784736
               0.206        1.0448353286
               0.208        1.0456057364
                0.21        1.0463894205
               0.212        1.0471861049
               0.214        1.0479955148
               0.216        1.0488173761
               0.218        1.0496514158
                0.22        1.0504973617
               0.222        1.0513549428
               0.224        1.0522238894
               0.226        1.0531039327
               0.228        1.0539948051
                0.23        1.0548962405
               0.232         1.055807974
               0.234        1.0567297418
               0.236        1.0576612819
               0.238        1.0586023334
                0.24        1.0595526369
               0.242        1.0605119348
               0.244        1.0614799706
               0.246        1.0624564897
               0.248        1.0634412388
                0.25        1.0644339665
               0.252        1.0654344228
               0.254        1.0664423595
               0.256          1.06745753
               0.258        1.0684796895
                0.26        1.0695085947
               0.262        1.0705440045
               0.264        1.0715856794
               0.266         1.072633382
               0.268        1.0736868769
                0.27        1.0747459307
               0.272        1.0758103117
               0.274        1.0768797904
               0.276        1.0779541393
               0.278        1.0790331328
                0.28        1.0801165472
               0.282        1.0812041607
               0.284        1.0822957536
               0.286         1.083391108
               0.288        1.0844900079
                0.29        1.0855922391
               0.292        1.0866975893
               0.294        1.0878058481
               0.296        1.0889168066
               0.298         1.090030258
                 0.3        1.0911459967
               0.302        1.0922638193
               0.304        1.0933835234
               0.306        1.0945049087
               0.308         1.095627776
                0.31        1.0967519277
               0.312        1.0978771674
               0.314        1.0990033001
               0.316        1.1001301321
               0.318        1.1012574722
                0.32        1.1023851532
               0.322        1.1035130315
               0.324        1.1046409742
               0.326        1.1057688693
               0.328        1.1068966499
                0.33        1.1080242724
               0.332        1.1091517106
               0.334        1.1102789557
               0.336         1.111406015
               0.338        1.1125329119
                0.34        1.1136596841
               0.342        1.1147863833
               0.344         1.115913075
               0.346         1.117039837
               0.348        1.1181667592
                0.35        1.1192939427
               0.352        1.1204214991
               0.354        1.1215495493
               0.356        1.1226782236
               0.358        1.1238076603
                0.36        1.1249380058
               0.362        1.1260694132
               0.364        1.1272020421
               0.366        1.1283360583
               0.368        1.1294716326
                0.37        1.1306089407
               0.372        1.1317481628
               0.374        1.1328894831
               0.376        1.1340330893
               0.378        1.1351791723
                0.38        1.1363279258
               0.382        1.1374795458
               0.384        1.1386342299
               0.386        1.1397921776
               0.388        1.1409535892
                0.39        1.1421186659
               0.392        1.1432876092
               0.394        1.1444606207
               0.396        1.1456379016
               0.398        1.1468196525
                 0.4        1.1480060732
               0.402        1.1491973621
               0.404        1.1503937162
               0.406        1.1515953306
               0.408        1.1528023984
                0.41        1.1540151101
               0.412        1.1552336539
               0.414        1.1564582149
               0.416        1.1576889753
               0.418        1.1589261139
                0.42        1.1601698062
               0.422        1.1614202242
               0.424        1.1626775361
               0.426        1.1639419061
               0.428         1.165213494
                0.43         1.166492456
               0.432        1.1677789447
               0.434        1.1690731098
               0.436        1.1703750975
               0.438        1.1716850509
                0.44        1.1730031093
               0.442        1.1743294084
               0.444        1.1756640801
               0.446        1.1770072525
               0.448        1.1783590494
                0.45        1.1797195908
               0.452        1.1810889923
               0.454        1.1824673649
               0.456        1.1838548154
               0.458        1.1852514467
                0.46        1.1866573579
               0.462         1.188072645
               0.464        1.1894974003
               0.466        1.1909317125
               0.468        1.1923756667
                0.47        1.1938293446
               0.472        1.1952928238
               0.474        1.1967661785
               0.476         1.198249479
               0.478        1.1997427916
                0.48        1.2012461789
               0.482        1.2027596995
               0.484        1.2042834082
               0.486        1.2058173557
               0.488        1.2073615886
                0.49        1.2089161494
               0.492        1.2104810766
               0.494        1.2120564045
               0.496        1.2136421631
               0.498        1.2152383783
                 0.5        1.2168450715
               0.502          1.21846226
               0.504        1.2200899563
               0.506         1.221728169
               0.508        1.2233769017
                0.51        1.2250361538
               0.512        1.2267059199
               0.514          1.22838619
               0.516        1.2300769494
               0.518        1.2317781786
                0.52        1.2334898532
               0.522         1.235211944
               0.524        1.2369444167
               0.526         1.238687232
               0.528        1.2404403454
                0.53        1.2422037075
               0.532        1.2439772631
               0.534        1.2457609521
               0.536        1.2475547087
               0.538        1.2493584614
                0.54        1.2511721335
               0.542         1.252995642
               0.544        1.2548288986
               0.546        1.2566718085
               0.548        1.2585242712
                0.55        1.2603861799
               0.552         1.262257422
               0.554        1.2641379126
               0.556        1.2660276113
               0.558        1.2679264768
                0.56        1.2698344626
               0.562        1.2717515173
               0.564        1.2736775854
               0.566        1.2756126087
               0.568         1.277556526
                0.57        1.2795092737
               0.572        1.2814707873
               0.574        1.2834410018
               0.576        1.2854198516
               0.578        1.2874072702
                0.58        1.2894031902
               0.582        1.2914075443
               0.584        1.2934202659
               0.586        1.2954412893
               0.588        1.2974705499
                0.59        1.2995079833
               0.592        1.3015535264
               0.594        1.3036071162
               0.596        1.3056686905
               0.598        1.3077381875
                 0.6         1.309815546
               0.602        1.3119007048
               0.604        1.3139936035
               0.606        1.3160941816
               0.608        1.3182023788
                0.61        1.3203181349
               0.612        1.3224413898
               0.614        1.3245720831
               0.616        1.3267101543
               0.618        1.3288555426
                0.62        1.3310081868
               0.622        1.3331680251
               0.624        1.3353349953
               0.626        1.3375090345
               0.628        1.3396900787
                0.63        1.3418780634
               0.632        1.3440729226
               0.634        1.3462745894
               0.636        1.3484829957
               0.638        1.3506980717
                0.64        1.3529197464
               0.642        1.3551479476
               0.644        1.3573826017
               0.646        1.3596236338
               0.648        1.3618709672
                0.65        1.3641245237
               0.652        1.3663842231
               0.654        1.3686499833
               0.656          1.37092172
               0.658        1.3731993467
                0.66        1.3754827743
               0.662        1.3777719113
               0.664        1.3800666632
               0.666        1.3823669328
               0.668        1.3846726194
                0.67        1.3869836199
               0.672        1.3892998287
               0.674        1.3916211378
               0.676        1.3939474371
               0.678        1.3962786138
                0.68        1.3986145549
               0.682        1.4009551472
               0.684         1.403300278
               0.686        1.4056498349
               0.688        1.4080037057
                0.69        1.4103617784
               0.692        1.4127239413
               0.694        1.4150900828
               0.696        1.4174600915
               0.698        1.4198338564
                 0.7        1.4222112663
               0.702        1.4245922106
               0.704        1.4269765783
               0.706        1.4293642589
               0.708        1.4317551419
                0.71        1.4341491168
               0.712        1.4365460732
               0.714        1.4389459007
               0.716         1.441348489
               0.718        1.4437537277
                0.72        1.4461615064
               0.722        1.4485717145
               0.724        1.4509842417
               0.726        1.4533989772
               0.728        1.4558158103
                0.73        1.4582346301
               0.732        1.4606553256
               0.734        1.4630777854
               0.736        1.4655018983
               0.738        1.4679275524
                0.74        1.4703546359
               0.742        1.4727830365
               0.744        1.4752126419
               0.746        1.4776433523
               0.748        1.4800751114
                0.75        1.4825078681
               0.752        1.4849415648
               0.754        1.4873761373
               0.756        1.4898115147
               0.758        1.4922476189
                0.76        1.4946843649
               0.762          1.49712166
               0.764        1.4995594041
               0.766         1.501997489
               0.768        1.5044357985
                0.77        1.5068742079
               0.772         1.509312584
               0.774        1.5117507847
               0.776        1.5141886586
               0.778        1.5166260451
                0.78        1.5190627738
               0.782        1.5214986643
               0.784        1.5239335261
               0.786        1.5263671578
               0.788        1.5287993475
                0.79        1.5312298719
               0.792        1.5336584963
               0.794        1.5360849741
               0.796        1.5385090841
               0.798        1.5409307117
                 0.8         1.543349776
               0.802        1.5457662014
               0.804        1.5481799063
               0.806        1.5505908019
               0.808        1.5529987921
                0.81        1.5554037734
               0.812        1.5578056342
               0.814        1.5602042549
               0.816        1.5625995072
               0.818        1.5649912542
                0.82        1.5673793494
               0.822          1.56976364
               0.824        1.5721440687
               0.826         1.574520702
               0.828        1.5768936109
                0.83        1.5792628621
               0.832        1.5816285185
               0.834        1.5839906382
               0.836        1.5863492745
               0.838        1.5887044757
                0.84        1.5910562857
               0.842        1.5934047488
               0.844         1.595749905
               0.846         1.598091788
               0.848        1.6004304251
                0.85        1.6027658363
               0.852        1.6050980349
               0.854        1.6074270259
               0.856        1.6097528067
               0.858         1.612075366
                0.86        1.6143946836
               0.862          1.61671073
               0.864        1.6190234661
               0.866        1.6213328424
               0.868        1.6236387989
                0.87        1.6259412666
               0.872        1.6282401696
               0.874        1.6305354242
               0.876        1.6328269392
               0.878        1.6351146157
                0.88        1.6373983462
               0.882        1.6396780338
               0.884        1.6419536044
               0.886        1.6442249793
               0.888        1.6464920717
                0.89        1.6487547864
               0.892        1.6510130196
               0.894        1.6532666583
               0.896        1.6555155801
               0.898        1.6577596529
                 0.9        1.6599987343
               0.902        1.6622326713
               0.904        1.6644613003
               0.906        1.6666844457
               0.908        1.6689019206
                0.91        1.6711135261
               0.912        1.6733190933
               0.914        1.6755185283
               0.916        1.6777117378
               0.918        1.6798986187
                0.92        1.6820790754
               0.922        1.6842531921
               0.924        1.6864212092
               0.926        1.6885834972
               0.928        1.6907404469
                0.93         1.692892446
               0.932        1.6950398786
               0.934        1.6971831254
               0.936        1.6993225628
               0.938        1.7014585633
                0.94        1.7035914942
               0.942        1.7057217181
               0.944        1.7078495923
               0.946        1.7099754682
               0.948        1.7120996911
                0.95        1.7142225998
               0.952        1.7163445262
               0.954        1.7184657948
               0.956        1.7205867222
               0.958        1.7227076171
                0.96        1.7248287792
               0.962         1.726950499
               0.964        1.7290730575
               0.966        1.7311967255
               0.968        1.7333217649
                0.97        1.7354484316
               0.972         1.737576976
               0.974        1.7397076423
               0.976        1.7418406691
               0.978        1.7439762914
                0.98        1.7461147411
               0.982        1.7482562471
               0.984        1.7504010351
               0.986        1.7525493278
               0.988        1.7547013439
                0.99        1.7568572992
               0.992        1.7590174197
               0.994         1.761182024
               0.996        1.7633514726
               0.998        1.7655261246
                   1        1.7677063381
               1.002        1.7698924697
               1.004        1.7720848742
               1.006        1.7742839045
               1.008        1.7764899117
                1.01        1.7787032445
               1.012        1.7809242491
               1.014        1.7831532693
               1.016        1.7853906458
               1.018        1.7876367162
                1.02         1.789891815
               1.022        1.7921562728
               1.024        1.7944304166
               1.026        1.7967145692
               1.028        1.7990090492
                1.03        1.8013141702
               1.032        1.8036302412
               1.034        1.8059575658
               1.036        1.8082964422
               1.038        1.8106471624
                1.04        1.8130100126
               1.042        1.8153852726
               1.044         1.817773217
               1.046        1.8201741149
               1.048        1.8225882299
                1.05        1.8250158194
               1.052        1.8274571346
               1.054        1.8299124201
               1.056        1.8323819133
               1.058        1.8348658442
                1.06         1.837364435
               1.062        1.8398778997
               1.064        1.8424064434
               1.066        1.8449502625
               1.068        1.8475095434
                1.07         1.850084463
               1.072        1.8526751873
               1.074        1.8552818715
               1.076        1.8579046593
               1.078        1.8605436825
                1.08        1.8631990602
               1.082        1.8658709029
               1.084        1.8685593776
               1.086        1.8712646922
               1.088        1.8739870415
                1.09        1.8767266044
               1.092        1.8794835437
               1.094        1.8822580055
               1.096        1.8850501182
               1.098        1.8878599922
                 1.1        1.8906877185
               1.102        1.8935333688
               1.104         1.896396994
               1.106         1.899278624
               1.108        1.9021782663
                1.11        1.9050959108
               1.112        1.9080317096
               1.114        1.9109860274
               1.116        1.9139592316
               1.118        1.9169516776
                1.12        1.9199637082
               1.122        1.9229956528
               1.124        1.9260478265
               1.126        1.9291205299
               1.128        1.9322140477
                1.13        1.9353286486
               1.132        1.9384645835
               1.134        1.9416220857
               1.136        1.9448013692
               1.138        1.9480026284
                1.14        1.9512260366
               1.142        1.9544717453
               1.144        1.9577398834
               1.146        1.9610305558
               1.148        1.9643438423
                1.15        1.9676797968
               1.152         1.971038446
               1.154        1.9744197881
               1.156        1.9778237916
               1.158        1.9812503944
                1.16        1.9846995019
               1.162         1.988170986
               1.164        1.9916646836
               1.166        1.9951803955
               1.168        1.9987178857
                1.17        2.0022768842
               1.172        2.0058570858
               1.174        2.0094581496
               1.176        2.0130796963
               1.178        2.0167213071
                1.18        2.0203825219
               1.182        2.0240628376
               1.184        2.0277617059
               1.186         2.031478532
               1.188        2.0352126721
                1.19        2.0389634324
               1.192        2.0427300773
               1.194        2.0465118422
               1.196        2.0503079356
               1.198        2.0541175378
                 1.2        2.0579398007
               1.202         2.061773847
               1.204        2.0656187696
               1.206         2.069473631
               1.208        2.0733374627
                1.21        2.0772094051
               1.212        2.0810889311
               1.214        2.0849755544
               1.216        2.0888687744
               1.218        2.0927681055
                1.22        2.0966732792
               1.222        2.1005841274
               1.224        2.1045004799
               1.226         2.108422163
               1.228        2.1123489999
                1.23        2.1162808105
               1.232        2.1202174113
               1.234        2.1241586153
               1.236        2.1281042323
               1.238        2.1320540709
                1.24        2.1360079388
               1.242        2.1399656437
               1.244        2.1439269924
               1.246        2.1478917913
               1.248        2.1518598461
                1.25        2.1558309617
               1.252        2.1598049422
               1.254        2.1637815908
               1.256        2.1677607099
               1.258        2.1717421006
                1.26        2.1757255626
               1.262        2.1797108944
               1.264        2.1836978928
               1.266        2.1876863536
               1.268        2.1916760709
                1.27        2.1956668373
               1.272        2.1996584439
               1.274        2.2036506805
               1.276        2.2076433351
               1.278         2.211636194
                1.28        2.2156290419
               1.282        2.2196216623
               1.284          2.22361387
               1.286        2.2276055379
               1.288        2.2315965459
                1.29        2.2355867749
               1.292        2.2395761071
               1.294        2.2435644258
               1.296        2.2475516154
               1.298         2.251537561
                 1.3        2.2555221487
               1.302        2.2595052654
               1.304        2.2634867984
               1.306        2.2674666356
               1.308        2.2714446653
                1.31        2.2754207757
               1.312        2.2793948552
               1.314        2.2833667919
               1.316        2.2873364736
               1.318        2.2913037874
                1.32        2.2952686197
               1.322        2.2992308556
               1.324        2.3031903791
               1.326        2.3071470727
               1.328        2.3111008195
                1.33        2.3150515054
               1.332        2.3189990186
               1.334        2.3229432497
               1.336        2.3268840909
               1.338        2.3308214363
                1.34        2.3347551809
               1.342        2.3386852209
               1.344        2.3426114526
               1.346        2.3465337728
               1.348        2.3504520779
                1.35        2.3543662634
               1.352         2.358276224
               1.354        2.3621818526
               1.356        2.3660830403
               1.358        2.3699796757
                1.36        2.3738716445
               1.362        2.3777588288
               1.364        2.3816411072
               1.366        2.3855183535
               1.368        2.3893904369
                1.37        2.3932572211
               1.372        2.3971185639
               1.374        2.4009743166
               1.376        2.4048243235
               1.378        2.4086684213
                1.38        2.4125064388
               1.382        2.4163381961
               1.384         2.420163504
               1.386        2.4239821638
               1.388        2.4277939662
                1.39        2.4315986913
               1.392        2.4353961078
               1.394        2.4391859724
               1.396        2.4429680294
               1.398        2.4467420099
                 1.4        2.4505076316
               1.402        2.4542645983
               1.404        2.4580125989
               1.406        2.4617513073
               1.408        2.4654803821
                1.41        2.4691994655
               1.412        2.4729081834
               1.414        2.4766061447
               1.416        2.4802929411
               1.418        2.4839681463
                1.42         2.487631316
               1.422        2.4912819878
               1.424        2.4949196822
               1.426        2.4985439037
               1.428        2.5021541405
                1.43        2.5057498648
               1.432        2.5093305396
               1.434        2.5128963389
               1.436        2.5164487754
               1.438        2.5199895422
                1.44        2.5235203721
               1.442        2.5270430383
               1.444        2.5305593537
               1.446        2.5340711708
               1.448         2.537580382
                1.45        2.5410889187
               1.452        2.5445987516
               1.454        2.5481118905
               1.456        2.5516303835
               1.458        2.5551563178
                1.46        2.5586918183
               1.462        2.5622390483
               1.464        2.5658002086
               1.466        2.5693775376
               1.468        2.5729733108
                1.47        2.5765898406
               1.472         2.580229476
               1.474        2.5838946022
               1.476        2.5875876402
               1.478        2.5913110466
                1.48        2.5950673132
               1.482        2.5988589666
               1.484        2.6026885676
               1.486        2.6065587111
               1.488        2.6104720255
                1.49        2.6144311722
               1.492        2.6184388452
               1.494        2.6224977704
               1.496        2.6266107056
               1.498        2.6307804391
                 1.5          2.63500979
               1.502         2.639301607
               1.504         2.643658768
               1.506        2.6480841792
               1.508        2.6525807748
                1.51        2.6571515158
               1.512        2.6617993894
               1.514        2.6665274082
               1.516        2.6713386092
               1.518         2.676236053
                1.52        2.6812228227
               1.522        2.6863020226
               1.524        2.6914767776
               1.526        2.6967502315
               1.528         2.702125546
                1.53        2.7076058993
               1.532        2.7131944847
               1.534        2.7188945088
               1.536        2.7247091901
               1.538        2.7306417574
                1.54        2.7366954475
               1.542        2.7428735037
               1.544        2.7491791734
               1.546        2.7556157058
               1.548        2.7621863498
                1.55        2.7688943513
               1.552        2.7757429504
               1.554        2.7827353787
               1.556        2.7898748559
               1.558        2.7971645869
                1.56         2.804607758
               1.562        2.8122075333
               1.564        2.8199670508
               1.566        2.8278894183
               1.568        2.8359777204
                1.57        2.8442350371
               1.572         2.852664446
               1.574        2.8612690228
               1.576        2.8700518612
               1.578        2.8790160873
                1.58        2.8881648607
               1.582        2.8975013739
               1.584        2.9070288523
               1.586        2.9167505538
               1.588        2.9266697687
                1.59        2.9367898192
               1.592        2.9471140591
               1.594        2.9576458734
               1.596        2.9683886782
               1.598        2.9793459198
                 1.6        2.9905210742
               1.602        3.0019176471
               1.604         3.013539173
               1.606        3.0253892143
               1.608        3.0374713614
                1.61        3.0497892314
               1.612        3.0623464674
               1.614        3.0751467384
               1.616        3.0881937376
               1.618        3.1014911821
                1.62         3.115042812
               1.622        3.1288523891
               1.624        3.1429236964
               1.626        3.1572605366
               1.628        3.1718667313
                1.63        3.1867461198
               1.632         3.201902558
               1.634        3.2173399168
               1.636        3.2330620814
               1.638        3.2490729495
                1.64        3.2653764302
               1.642        3.2819764423
               1.644        3.2988769133
               1.646        3.3160817771
               1.648        3.3335949732
                1.65        3.3514204448
               1.652        3.3695621368
               1.654        3.3880239947
               1.656        3.4068099623
               1.658        3.4259239804
                1.66        3.4453699844
               1.662        3.4651519029
               1.664        3.4852736592
               1.666         3.505739207
               1.668        3.5265525086
                1.67        3.5477175008
               1.672        3.5692380921
               1.674        3.5911181608
               1.676         3.613361563
               1.678        3.6359721345
                1.68        3.6589536876
               1.682        3.6823100086
               1.684         3.706044855
               1.686        3.7301619517
               1.688        3.7546649888
                1.69        3.7795576182
               1.692        3.8048434502
               1.694        3.8305260506
               1.696        3.8566089379
               1.698        3.8830955794
                 1.7        3.9099893885
               1.702        3.9372937217
               1.704        3.9650118749
               1.706        3.9931470811
               1.708        4.0217025066
                1.71        4.0506812486
               1.712        4.0800863322
               1.714        4.1099207076
               1.716        4.1401872474
               1.718        4.1708887444
                1.72        4.2020279089
               1.722        4.2336073672
               1.724         4.265629659
               1.726        4.2980972367
               1.728        4.3310124633
                1.73        4.3643776122
               1.732        4.3981948662
               1.734        4.4324663176
               1.736        4.4671939685
               1.738        4.5023797322
                1.74        4.5380254339
               1.742         4.574132814
               1.744        4.6107035301
               1.746        4.6477391617
               1.748        4.6852412142
                1.75         4.723211125
               1.752        4.7616502705
               1.754        4.8005599737
               1.756        4.8399415141
               1.758        4.8797961382
                1.76         4.920125072
               1.762        4.9609295355
               1.764        5.0022107607
               1.766         5.043970028
               1.768        5.0862087011
                1.77         5.128928254
               1.772        5.1721302993
               1.774        5.2158166196
               1.776        5.2599892031
               1.778        5.3046502821
                1.78        5.3498023763
               1.782        5.3954483395
               1.784        5.4415914125
               1.786        5.4882352799
               1.788        5.5353841337
                1.79        5.5830427418
               1.792        5.6312165248
               1.794        5.6799116384
               1.796        5.7291350654
               1.798        5.7788947146
                 1.8        5.8291995307
               1.802        5.8800596276
               1.804        5.9314864761
               1.806        5.9834930801
               1.808        6.0360941439
                1.81        6.0893051339
               1.812        6.1431399908
               1.814        6.1976133606
               1.816        6.2527410262
               1.818        6.3085369601
                1.82        6.3650133517
               1.822        6.4221827372
               1.824        6.4800580825
               1.826        6.5386528057
               1.828        6.5979808013
                1.83        6.6580564659
               1.832        6.7188947282
               1.834        6.7805111391
               1.836         6.842921998
               1.838        6.9061444141
                1.84        6.9701963609
               1.842        7.0350967327
               1.844        7.1008654078
               1.846        7.1675233147
               1.848        7.2350925052
                1.85         7.303596232
               1.852        7.3730590337
               1.854        7.4435068263
               1.856        7.5149670023
               1.858        7.5874685387
                1.86        7.6610421139
               1.862        7.7357202347
               1.864         7.811537375
               1.866        7.8885301262
               1.868        7.9667373624
                1.87        8.0462004197
               1.872        8.1269632931
               1.874        8.2090728521
               1.876        8.2925790765
               1.878        8.3775353165
                1.88        8.4639985776
               1.882        8.5520298359
               1.884        8.6416943847
               1.886        8.7330622182
               1.888        8.8262084565
                1.89        8.9212138166
               1.892        9.0181651359
               1.894        9.1171559549
               1.896        9.2182871676
               1.898        9.3216677475
                 1.9        9.4274155621
               1.902        9.5356582854
               1.904        9.6465344265
               1.906        9.7601944879
               1.908        9.8768022762
                1.91        9.9965363862
               1.912         10.11959189
               1.914        10.246182257
               1.916        10.376541556
               1.918        10.510926972
                1.92        10.649621706
               1.922        10.792938315
               1.924         10.94122259
               1.926        11.094858053
               1.928        11.254271207
                1.93        11.419937688
               1.932        11.592389503
               1.934        11.772223584
               1.936         11.96011194
               1.938        12.156813788
                1.94        12.363190098
               1.942        12.580221152
               1.944        12.809027871
               1.946        13.050897872
               1.948         13.30731755
                1.95        13.580011849
               1.952        13.870993986
               1.954        14.182628135
               1.956        14.517709219
               1.958        14.879565518
                1.96        15.272192224
               1.962        15.700427085
               1.964        16.170184516
               1.966        16.688772333
               1.968        17.265327267
                1.97        17.911424686
               1.972        18.641949636
               1.974        19.476369907
               1.976        20.440645636
               1.978        21.570180523
                1.98        22.914543779
               1.982        24.545340061
               1.984        26.569981845
               1.986        29.157266711
               1.988        32.588531863
                1.99        37.370193976
               1.992        44.515098334
               1.994        56.386565224
               1.996        80.074582767
               1.998        151.02916192
                   2              1.#INF
