                   0                   0
      0.048306656536                0.05
      0.075642342214       0.11764705882
      0.092555740383                0.12
       0.13387705851       0.13333333333
       0.16400391841       0.16666666667
       0.17309136363       0.24242424242
        0.2449700213       0.25373134328
       0.36364304787       0.32558139535
        0.4621745022                 0.4
       0.47090101661       0.44827586207
       0.53589798324       0.45945945946
        0.6859366009       0.65217391304
       0.91717561008       0.66233766234
        1.0622528507                0.75
        1.0692981048       0.84166666667
         1.296817923       0.87912087912
        1.4894146021                 0.9
        1.5422045938       0.90909090909
        1.6672790316       0.95652173913
        1.7358741499       0.97674418605
        1.8263381333                   1
                   2                   1
