
               0.002     0.0018577718125
               0.004      0.003715508064
               0.006     0.0055731731369
               0.008     0.0074307313009
                0.01     0.0092881466563
               0.012      0.011145383078
               0.014      0.013002404157
               0.016      0.014859173148
               0.018      0.016715652908
                0.02      0.018571805841
               0.022      0.020427593845
               0.024      0.022282978249
               0.026       0.02413791976
               0.028      0.025992378404
                0.03      0.027846313471
               0.032      0.029699683453
               0.034      0.031552446061
               0.036      0.033404558537
               0.038      0.035255977901
                0.04      0.037106660958
               0.042      0.038956564284
               0.044      0.040805644576
               0.046      0.042653859125
               0.048      0.044501165853
                0.05      0.046347523286
               0.052      0.048192890538
               0.054      0.050037227285
               0.056      0.051880493743
               0.058      0.053722650649
                0.06      0.055563659237
               0.062      0.057403481219
               0.064      0.059242078759
               0.066      0.061079414458
               0.068      0.062915451328
                0.07      0.064750152772
               0.072      0.066583482565
               0.074       0.06841540483
               0.076       0.07024588402
               0.078      0.072074884895
                0.08      0.073902372502
               0.082      0.075728312154
               0.084      0.077552669411
               0.086      0.079375410055
               0.088      0.081196500073
                0.09      0.083015905635
               0.092      0.084833593073
               0.094      0.086649528859
               0.096      0.088463679588
               0.098      0.090276011952
                 0.1       0.09208649272
               0.102      0.093895088722
               0.104       0.09570176682
               0.106      0.097506493893
               0.108      0.099309236811
                0.11       0.10110996242
               0.112       0.10290863751
               0.114        0.1047052288
               0.116       0.10649970291
               0.118       0.10829202637
                0.12       0.11008216554
               0.122       0.11187008663
               0.124       0.11365575568
               0.126        0.1154391385
               0.128       0.11722020069
                0.13       0.11899890759
               0.132       0.12077522426
               0.134       0.12254911548
               0.136       0.12432054567
               0.138       0.12608947895
                0.14       0.12785587903
               0.142       0.12961970951
               0.144       0.13138093438
               0.146       0.13313951817
               0.148       0.13489542596
                0.15       0.13664862334
               0.152       0.13839907645
               0.154       0.14014675193
               0.156       0.14189161698
               0.158        0.1436336393
                0.16       0.14537278711
               0.162       0.14710902914
               0.164       0.14884233465
               0.166       0.15057267339
               0.168       0.15230001563
                0.17       0.15402433211
               0.172       0.15574559411
               0.174       0.15746377337
               0.176       0.15917884213
               0.178       0.16089077312
                0.18       0.16259953951
               0.182         0.164305115
               0.184       0.16600747372
               0.186       0.16770659051
               0.188       0.16940244226
                0.19       0.17109500876
               0.192       0.17278427264
               0.194       0.17447021933
               0.196       0.17615283697
               0.198       0.17783211635
                 0.2       0.17950805086
               0.202       0.18118063642
               0.204        0.1828498714
               0.206       0.18451575657
               0.208       0.18617829504
                0.21       0.18783749219
               0.212       0.18949335561
               0.214       0.19114589502
               0.216       0.19279512223
               0.218       0.19444105107
                0.22       0.19608369732
               0.222       0.19772307866
               0.224        0.1993592146
               0.226        0.2009921264
               0.228       0.20262183706
                0.23        0.2042483712
               0.232       0.20587175502
               0.234       0.20749201626
               0.236       0.20910918411
               0.238       0.21072328915
                0.24       0.21233436331
               0.242       0.21394243978
               0.244       0.21554755298
               0.246       0.21714973848
               0.248       0.21874903291
                0.25       0.22034547398
               0.252       0.22193910032
               0.254       0.22352995151
               0.256       0.22511806793
               0.258       0.22670349078
                0.26       0.22828626198
               0.262       0.22986642422
               0.264       0.23144402094
               0.266       0.23301909627
               0.268         0.234591695
                0.27       0.23616186246
               0.272       0.23772964452
               0.274       0.23929508752
               0.276       0.24085823817
               0.278       0.24241914357
                0.28       0.24397785106
               0.282       0.24553440823
               0.284       0.24708886283
               0.286       0.24864126273
               0.288       0.25019165582
                0.29          0.25174009
               0.292        0.2532866131
               0.294       0.25483127281
               0.296       0.25637411662
               0.298       0.25791519178
                 0.3       0.25945454524
               0.302       0.26099222353
               0.304        0.2625282728
               0.306       0.26406273866
               0.308       0.26559566619
                0.31       0.26712709982
               0.312       0.26865708334
               0.314       0.27018565974
               0.316       0.27171287124
               0.318       0.27323875918
                0.32       0.27476336395
               0.322       0.27628672495
               0.324       0.27780888052
               0.326       0.27932986785
               0.328       0.28084972295
                0.33       0.28236848057
               0.332       0.28388617428
               0.334       0.28540283696
               0.336       0.28691850108
               0.338       0.28843319863
                0.34        0.2899469611
               0.342       0.29145981958
               0.344       0.29297180497
               0.346       0.29448294797
               0.348       0.29599327909
                0.35       0.29750282855
               0.352       0.29901162629
               0.354       0.30051970194
               0.356       0.30202708475
               0.358        0.3035338036
                0.36       0.30503988692
               0.362       0.30654536269
               0.364       0.30805025838
               0.366       0.30955460094
               0.368       0.31105841674
                0.37       0.31256173155
               0.372       0.31406457056
               0.374       0.31556695844
               0.376       0.31706891933
               0.378        0.3185704768
                0.38       0.32007165381
               0.382       0.32157247272
               0.384       0.32307295519
               0.386        0.3245731222
               0.388         0.326072994
                0.39       0.32757259004
               0.392         0.329071929
               0.394        0.3305710287
               0.396        0.3320699061
               0.398       0.33356857722
                 0.4       0.33506705716
               0.402       0.33656536003
               0.404        0.3380634989
               0.406        0.3395614858
               0.408       0.34105933165
                0.41       0.34255704623
               0.412       0.34405463817
               0.414       0.34555211486
               0.416       0.34704948251
               0.418       0.34854674607
                0.42       0.35004390931
               0.422       0.35154097479
               0.424       0.35303794381
               0.426       0.35453481636
               0.428       0.35603159108
                0.43       0.35752826549
               0.432       0.35902483641
               0.434       0.36052130014
               0.436       0.36201765235
               0.438       0.36351388815
                0.44       0.36501000198
               0.442       0.36650598763
               0.444        0.3680018382
               0.446       0.36949754608
               0.448        0.3709931029
                0.45       0.37248849955
               0.452        0.3739837261
               0.454        0.3754787718
               0.456       0.37697362506
               0.458       0.37846827375
                0.46       0.37996270544
               0.462       0.38145690746
               0.464       0.38295086689
               0.466        0.3844445705
               0.468       0.38593800478
                0.47       0.38743115591
               0.472       0.38892400974
               0.474       0.39041655177
               0.476       0.39190876718
               0.478       0.39340064072
                0.48        0.3948921568
               0.482       0.39638329939
               0.484       0.39787405205
               0.486        0.3993643979
               0.488        0.4008543196
                0.49       0.40234379933
               0.492       0.40383281876
               0.494       0.40532135907
               0.496       0.40680940089
               0.498       0.40829692429
                 0.5       0.40978390879
               0.502       0.41127033328
               0.504       0.41275617606
               0.506       0.41424141478
               0.508       0.41572602642
                0.51       0.41720998731
               0.512       0.41869327304
               0.514       0.42017585849
               0.516       0.42165771778
               0.518       0.42313882426
                0.52       0.42461915046
               0.522       0.42609866811
               0.524       0.42757734807
               0.526       0.42905516032
               0.528       0.43053207394
                0.53       0.43200805708
               0.532       0.43348307692
               0.534       0.43495709965
               0.536       0.43643009045
               0.538       0.43790201345
                0.54       0.43937283169
               0.542       0.44084250711
               0.544       0.44231100052
               0.546       0.44377827154
               0.548       0.44524427858
                0.55       0.44670897884
               0.552       0.44817232822
               0.554       0.44963428154
               0.556       0.45109479281
               0.558       0.45255381541
                0.56       0.45401130195
               0.562       0.45546720441
               0.564       0.45692147461
               0.566        0.4583740647
               0.568       0.45982492712
                0.57       0.46127401485
               0.572       0.46272128202
               0.574       0.46416668408
               0.576       0.46561017773
               0.578       0.46705172082
                0.58        0.4684912723
               0.582       0.46992879259
               0.584        0.4713642439
               0.586       0.47279759021
               0.588       0.47422879722
                0.59        0.4756578323
               0.592       0.47708466442
               0.594       0.47850926411
               0.596       0.47993160337
               0.598       0.48135165566
                 0.6       0.48276939585
               0.602       0.48418480014
               0.604       0.48559784605
               0.606       0.48700851234
               0.608       0.48841677894
                0.61       0.48982262692
               0.612       0.49122603846
               0.614        0.4926269967
               0.616       0.49402548579
               0.618       0.49542149079
                0.62       0.49681499758
               0.622       0.49820599287
               0.624       0.49959446411
               0.626       0.50098039944
               0.628       0.50236378761
                0.63       0.50374461798
               0.632       0.50512288042
               0.634       0.50649856525
               0.636       0.50787166324
               0.638       0.50924216547
                0.64       0.51061006343
               0.642       0.51197534902
               0.644        0.5133380145
               0.646       0.51469805245
               0.648       0.51605545572
                0.65       0.51741021739
               0.652       0.51876233068
               0.654       0.52011178895
               0.656       0.52145858559
               0.658       0.52280271403
                0.66       0.52414416763
               0.662       0.52548293967
               0.664       0.52681902327
               0.666       0.52815241135
               0.668       0.52948309658
                0.67        0.5308110715
               0.672       0.53213632868
               0.674       0.53345886076
               0.676       0.53477866035
               0.678       0.53609572015
                0.68       0.53741003343
               0.682       0.53872159437
               0.684       0.54003039802
               0.686        0.5413364403
               0.688       0.54263971795
                0.69       0.54394022857
               0.692       0.54523797053
               0.694       0.54653294302
               0.696       0.54782514597
               0.698       0.54911458008
                 0.7       0.55040124676
               0.702       0.55168514816
               0.704       0.55296628709
               0.706       0.55424466707
               0.708       0.55552029226
                0.71       0.55679316746
               0.712       0.55806329809
               0.714       0.55933069018
               0.716       0.56059535033
               0.718       0.56185728573
                0.72       0.56311650409
               0.722       0.56437301366
               0.724       0.56562682321
               0.726       0.56687794199
               0.728       0.56812637973
                0.73       0.56937214662
               0.732       0.57061525326
               0.734       0.57185571071
               0.736       0.57309353039
               0.738       0.57432872412
                0.74       0.57556130409
               0.742        0.5767912828
               0.744        0.5780186731
               0.746       0.57924348815
               0.748       0.58046574136
                0.75       0.58168544645
               0.752        0.5829026175
               0.754       0.58411726893
               0.756       0.58532941556
               0.758       0.58653907254
                0.76       0.58774625535
               0.762       0.58895097979
               0.764       0.59015326194
               0.766       0.59135311817
               0.768       0.59255056512
                0.77       0.59374561965
               0.772       0.59493829887
               0.774       0.59612862009
               0.776        0.5973166008
               0.778       0.59850225868
                0.78       0.59968561156
               0.782       0.60086667738
               0.784       0.60204547425
               0.786       0.60322202032
               0.788       0.60439633386
                0.79       0.60556843317
               0.792       0.60673833662
               0.794       0.60790606257
               0.796        0.6090716294
               0.798       0.61023505564
                 0.8       0.61139636023
               0.802       0.61255556248
               0.804       0.61371268213
               0.806       0.61486773922
               0.808       0.61602075413
                0.81       0.61717174749
               0.812       0.61832074019
               0.814       0.61946775332
               0.816       0.62061280816
               0.818       0.62175592612
                0.82        0.6228971287
               0.822       0.62403643749
               0.824       0.62517387412
               0.826        0.6263094602
               0.828       0.62744321732
                0.83       0.62857516699
               0.832       0.62970533062
               0.834       0.63083372946
               0.836       0.63196038459
               0.838       0.63308531688
                0.84       0.63420854692
               0.842       0.63533009504
               0.844       0.63644998119
               0.846         0.637568225
               0.848       0.63868484566
                0.85       0.63979986191
               0.852       0.64091329202
               0.854       0.64202515372
               0.856       0.64313546417
               0.858       0.64424423993
                0.86       0.64535149689
               0.862       0.64645725028
               0.864       0.64756151456
               0.866       0.64866430344
               0.868       0.64976562984
                0.87       0.65086550629
               0.872       0.65196394534
               0.874       0.65306095958
               0.876       0.65415656164
               0.878       0.65525076414
                0.88       0.65634357966
               0.882       0.65743502076
               0.884       0.65852509992
               0.886       0.65961382955
               0.888       0.66070122192
                0.89       0.66178728918
               0.892       0.66287204333
               0.894       0.66395549616
               0.896       0.66503765929
               0.898       0.66611854407
                 0.9       0.66719816163
               0.902        0.6682765228
               0.904        0.6693536381
               0.906       0.67042951774
               0.908       0.67150417154
                0.91       0.67257760896
               0.912       0.67364983904
               0.914       0.67472087039
               0.916       0.67579071114
               0.918       0.67685936895
                0.92       0.67792685093
               0.922       0.67899316365
               0.924       0.68005831312
               0.926       0.68112230471
               0.928       0.68218514317
                0.93       0.68324683258
               0.932       0.68430737632
               0.934       0.68536677703
               0.936        0.6864250366
               0.938       0.68748215611
                0.94       0.68853813584
               0.942       0.68959297518
               0.944       0.69064667265
               0.946       0.69169922584
               0.948       0.69275063135
                0.95       0.69380088482
               0.952       0.69484998085
               0.954       0.69589791295
               0.956       0.69694467356
               0.958       0.69799025396
                0.96       0.69903464426
               0.962       0.70007783333
               0.964       0.70111980882
               0.966       0.70216055709
               0.968       0.70320006346
                0.97        0.7042383128
               0.972       0.70527528958
               0.974       0.70631097785
               0.976       0.70734536134
               0.978       0.70837842379
                0.98       0.70941014915
               0.982       0.71044052153
               0.984       0.71146952527
               0.986       0.71249714485
               0.988       0.71352336498
                0.99       0.71454817056
               0.992       0.71557154688
               0.994        0.7165934797
               0.996       0.71761395515
               0.998       0.71863295981
                   1       0.71965048065
               1.002       0.72066650501
               1.004       0.72168102063
               1.006       0.72269401559
               1.008       0.72370547836
                1.01       0.72471539769
               1.012       0.72572376271
               1.014       0.72673056283
               1.016       0.72773578777
               1.018       0.72873942753
                1.02        0.7297414724
               1.022       0.73074191289
               1.024        0.7317407398
               1.026       0.73273794412
               1.028       0.73373351706
                1.03       0.73472745005
               1.032       0.73571973469
               1.034       0.73671036274
               1.036       0.73769932612
               1.038       0.73868661687
                1.04       0.73967222719
               1.042        0.7406561494
               1.044       0.74163837614
               1.046       0.74261890038
               1.048       0.74359771541
                1.05       0.74457481481
               1.052       0.74555019246
               1.054       0.74652384251
               1.056       0.74749575934
               1.058       0.74846593759
                1.06       0.74943437207
               1.062       0.75040105782
               1.064       0.75136599004
               1.066       0.75232916409
               1.068       0.75329057544
                1.07       0.75425021969
               1.072       0.75520809255
               1.074       0.75616418977
               1.076       0.75711850716
               1.078       0.75807104057
                1.08       0.75902178584
               1.082        0.7599707388
               1.084       0.76091789524
               1.086        0.7618632509
               1.088       0.76280680141
                1.09       0.76374854231
               1.092         0.764688469
               1.094       0.76562657671
               1.096        0.7665628605
               1.098       0.76749731521
                 1.1       0.76842993547
               1.102        0.7693607156
               1.104       0.77028964968
               1.106       0.77121673145
               1.108       0.77214195431
                1.11       0.77306531128
               1.112         0.773986795
               1.114       0.77490639766
               1.116       0.77582411101
               1.118       0.77673992629
                1.12       0.77765383425
               1.122       0.77856582507
               1.124       0.77947588835
               1.126       0.78038401309
               1.128       0.78129018762
                1.13       0.78219439963
               1.132       0.78309663607
               1.134       0.78399688315
               1.136       0.78489512631
               1.138       0.78579135018
                1.14       0.78668553853
               1.142       0.78757767424
               1.144       0.78846773929
               1.146       0.78935571469
               1.148       0.79024158045
                1.15       0.79112531555
               1.152       0.79200689791
               1.154       0.79288630433
               1.156       0.79376351045
               1.158       0.79463849074
                1.16       0.79551121842
               1.162       0.79638166545
               1.164       0.79724980246
               1.166       0.79811559874
               1.168       0.79897902232
                1.17       0.79984004027
               1.172        0.8006986188
               1.174       0.80155472316
               1.176       0.80240831758
               1.178       0.80325936526
                1.18       0.80410782823
               1.182       0.80495366737
               1.184       0.80579684227
               1.186       0.80663731124
               1.188        0.8074750312
                1.19       0.80830995767
               1.192       0.80914204571
               1.194       0.80997125118
               1.196         0.810797531
               1.198       0.81162084306
                 1.2       0.81244114631
               1.202       0.81325840068
               1.204       0.81407256711
               1.206       0.81488360754
               1.208       0.81569148492
                1.21       0.81649616318
               1.212       0.81729760726
               1.214       0.81809578306
               1.216       0.81889065751
               1.218       0.81968219848
                1.22       0.82047037483
               1.222       0.82125515642
               1.224       0.82203651406
               1.226       0.82281441952
               1.228       0.82358884557
                1.23       0.82435976592
               1.232       0.82512715525
               1.234       0.82589098918
               1.236       0.82665124433
               1.238       0.82740789844
                1.24       0.82816093046
               1.242       0.82891032053
               1.244       0.82965604997
               1.246        0.8303981013
               1.248       0.83113645818
                1.25       0.83187110546
               1.252       0.83260202912
               1.254        0.8333292163
               1.256       0.83405265525
               1.258       0.83477233536
                1.26       0.83548824713
               1.262       0.83620038217
               1.264       0.83690873316
               1.266        0.8376132939
               1.268       0.83831405925
                1.27       0.83901102514
               1.272       0.83970418856
               1.274       0.84039354755
               1.276       0.84107910119
               1.278       0.84176084958
                1.28       0.84243879386
               1.282       0.84311293618
               1.284       0.84378327967
               1.286       0.84444982848
               1.288       0.84511258774
                1.29       0.84577156353
               1.292       0.84642676292
               1.294       0.84707819394
               1.296       0.84772586553
               1.298       0.84836978761
                 1.3       0.84900997098
               1.302        0.8496464274
               1.304        0.8502791695
               1.306       0.85090821082
               1.308        0.8515335658
                1.31       0.85215524972
               1.312       0.85277327876
               1.314       0.85338766993
               1.316       0.85399844108
               1.318       0.85460561093
                1.32       0.85520919897
               1.322       0.85580922554
               1.324       0.85640571177
               1.326       0.85699867957
               1.328       0.85758815182
                1.33       0.85817415243
               1.332       0.85875670635
               1.334       0.85933583957
               1.336        0.8599115791
               1.338       0.86048395291
                1.34       0.86105298997
               1.342       0.86161872017
               1.344       0.86218117436
               1.346       0.86274038428
               1.348       0.86329638258
                1.35       0.86384920278
               1.352       0.86439887924
               1.354       0.86494544718
               1.356        0.8654889426
               1.358       0.86602940232
                1.36       0.86656686392
               1.362       0.86710136574
               1.364       0.86763294685
               1.366       0.86816164703
               1.368       0.86868750677
                1.37       0.86921056719
               1.372        0.8697308701
               1.374       0.87024845793
               1.376       0.87076337369
               1.378         0.871275661
                1.38       0.87178536405
               1.382       0.87229252756
               1.384       0.87279719676
               1.386        0.8732994174
               1.388       0.87379923568
                1.39       0.87429669829
               1.392        0.8747918523
               1.394       0.87528474523
               1.396       0.87577542497
               1.398       0.87626393976
                 1.4       0.87675033819
               1.402       0.87723466916
               1.404       0.87771698185
               1.406       0.87819732571
               1.408       0.87867575044
                1.41       0.87915230595
               1.412       0.87962704233
               1.414       0.88010000985
               1.416        0.8805712589
               1.418       0.88104084001
                1.42       0.88150880378
               1.422       0.88197520089
               1.424       0.88244008214
               1.426       0.88290349849
               1.428       0.88336550099
                1.43       0.88382614082
               1.432       0.88428546923
               1.434        0.8847435375
               1.436       0.88520039695
               1.438       0.88565609891
                1.44       0.88611069466
               1.442       0.88656423546
               1.444       0.88701677245
               1.446       0.88746835672
               1.448       0.88791903919
                1.45       0.88836887063
               1.452       0.88881790166
               1.454       0.88926618264
               1.456       0.88971376373
               1.458       0.89016069481
                1.46       0.89060702547
               1.462       0.89105280497
               1.464       0.89149808223
               1.466       0.89194290577
               1.468       0.89238732373
                1.47       0.89283138378
               1.472       0.89327513314
               1.474       0.89371861852
               1.476        0.8941618861
               1.478       0.89460498151
                1.48       0.89504794976
               1.482       0.89549083526
               1.484       0.89593368175
               1.486       0.89637653227
               1.488       0.89681942917
                1.49       0.89726241399
               1.492       0.89770552753
               1.494       0.89814880973
               1.496       0.89859229969
               1.498       0.89903603562
                 1.5       0.89948005477
               1.502       0.89992439346
               1.504       0.90036908698
               1.506       0.90081416962
               1.508       0.90125967454
                1.51       0.90170563384
               1.512       0.90215207845
               1.514        0.9025990381
               1.516       0.90304654131
               1.518       0.90349461533
                1.52        0.9039432861
               1.522       0.90439257823
               1.524       0.90484251492
               1.526       0.90529311797
               1.528        0.9057444077
                1.53       0.90619640291
               1.532       0.90664912089
               1.534       0.90710257728
               1.536       0.90755678612
               1.538       0.90801175977
                1.54       0.90846750885
               1.542       0.90892404222
               1.544       0.90938136692
               1.546       0.90983948815
               1.548       0.91029840918
                1.55       0.91075813134
               1.552       0.91121865396
               1.554       0.91167997432
               1.556       0.91214208763
               1.558       0.91260498692
                1.56       0.91306866305
               1.562       0.91353310463
               1.564         0.913998298
               1.566       0.91446422714
               1.568       0.91493087401
                1.57       0.91539821913
               1.572       0.91586624176
               1.574       0.91633491991
               1.576         0.916804231
               1.578        0.9172741523
                1.58       0.91774466094
               1.582       0.91821573397
               1.584       0.91868734828
               1.586       0.91915948069
               1.588       0.91963210789
                1.59       0.92010520648
               1.592       0.92057875295
               1.594       0.92105272371
               1.596       0.92152709507
               1.598       0.92200184325
                 1.6       0.92247694441
               1.602       0.92295237461
               1.604       0.92342810983
               1.606       0.92390412601
               1.608       0.92438039899
                1.61       0.92485690457
               1.612       0.92533361847
               1.614       0.92581051638
               1.616       0.92628757392
               1.618       0.92676476666
                1.62       0.92724207014
               1.622       0.92771945986
               1.624       0.92819691126
               1.626       0.92867439976
               1.628       0.92915190077
                1.63       0.92962938964
               1.632       0.93010684171
               1.634       0.93058423232
               1.636       0.93106153676
               1.638       0.93153873032
                1.64        0.9320157883
               1.642       0.93249268597
               1.644        0.9329693986
               1.646       0.93344590147
               1.648       0.93392216984
                1.65       0.93439817902
               1.652       0.93487390427
               1.654       0.93534932092
               1.656       0.93582440426
               1.658       0.93629912964
                1.66       0.93677347241
               1.662       0.93724740794
               1.664       0.93772091163
               1.666        0.9381939589
               1.668       0.93866652522
                1.67       0.93913858606
               1.672       0.93961011695
               1.674       0.94008109348
               1.676       0.94055149151
               1.678       0.94102128723
                1.68       0.94149045715
               1.682       0.94195897813
               1.684       0.94242682732
               1.686        0.9428939822
               1.688       0.94336042056
                1.69        0.9438261205
               1.692       0.94429106041
               1.694       0.94475521896
               1.696       0.94521857512
               1.698       0.94568110814
                 1.7       0.94614279755
               1.702       0.94660362315
               1.704       0.94706356498
               1.706       0.94752260336
               1.708       0.94798071887
                1.71       0.94843789232
               1.712       0.94889410475
               1.714       0.94934933746
               1.716       0.94980357196
               1.718       0.95025678998
                1.72       0.95070897348
               1.722       0.95116010463
               1.724       0.95161016577
               1.726       0.95205913947
               1.728       0.95250700848
                1.73       0.95295375574
               1.732       0.95339936433
               1.734       0.95384381756
               1.736       0.95428709884
               1.738       0.95472919179
                1.74       0.95517008013
               1.742       0.95560974776
               1.744        0.9560481787
               1.746       0.95648535709
               1.748       0.95692126719
                1.75       0.95735589339
               1.752       0.95778922016
               1.754       0.95822123209
               1.756       0.95865191384
               1.758       0.95908125015
                1.76       0.95950922586
               1.762       0.95993582584
               1.764       0.96036103506
               1.766       0.96078483867
               1.768       0.96120722213
                1.77       0.96162817119
               1.772       0.96204767184
               1.774       0.96246571035
               1.776       0.96288227322
               1.778       0.96329734718
                1.78       0.96371091916
               1.782       0.96412297629
               1.784       0.96453350587
               1.786       0.96494249538
               1.788       0.96534993243
                1.79       0.96575580477
               1.792       0.96616010026
               1.794       0.96656280687
               1.796       0.96696391265
               1.798       0.96736340572
                 1.8       0.96776127424
               1.802       0.96815750649
               1.804       0.96855209117
               1.806       0.96894501746
               1.808       0.96933627506
                1.81       0.96972585418
               1.812       0.97011374553
               1.814       0.97049994031
               1.816       0.97088443022
               1.818       0.97126720744
                1.82       0.97164826465
               1.822       0.97202759497
               1.824       0.97240519205
               1.826       0.97278104996
               1.828       0.97315516327
                1.83       0.97352752698
               1.832       0.97389813659
               1.834       0.97426698828
               1.836       0.97463407922
               1.838       0.97499940766
                1.84       0.97536297285
               1.842       0.97572477504
               1.844       0.97608481547
               1.846       0.97644309636
               1.848       0.97679962085
                1.85       0.97715439303
               1.852        0.9775074179
               1.854       0.97785870133
               1.856       0.97820825009
               1.858       0.97855607179
                1.86       0.97890217488
               1.862       0.97924656863
               1.864       0.97958926313
               1.866       0.97993026922
               1.868       0.98026959853
                1.87       0.98060726344
               1.872       0.98094327705
               1.874       0.98127765317
               1.876       0.98161040633
               1.878       0.98194155172
                1.88        0.9822711052
               1.882       0.98259908328
               1.884       0.98292550307
               1.886       0.98325038234
               1.888       0.98357373941
                1.89       0.98389559321
               1.892       0.98421596321
               1.894       0.98453486944
               1.896       0.98485233243
               1.898       0.98516837326
                 1.9       0.98548301348
               1.902       0.98579627512
               1.904       0.98610818068
               1.906        0.9864187531
               1.908       0.98672801574
                1.91        0.9870359924
               1.912       0.98734270724
               1.914       0.98764818482
               1.916       0.98795245007
               1.918       0.98825552826
                1.92       0.98855744498
               1.922       0.98885822616
               1.924       0.98915789799
               1.926       0.98945648699
               1.928        0.9897540199
                1.93       0.99005052376
               1.932        0.9903460258
               1.934       0.99064055348
               1.936       0.99093413449
               1.938       0.99122679666
                1.94       0.99151856802
               1.942       0.99180947675
               1.944       0.99209955116
               1.946       0.99238881969
               1.948       0.99267731087
                1.95       0.99296505333
               1.952       0.99325207578
               1.954       0.99353840697
               1.956       0.99382407569
               1.958       0.99410911077
                1.96       0.99439354116
               1.962       0.99467739585
               1.964       0.99496070399
               1.966       0.99524349474
               1.968       0.99552579734
                1.97       0.99580764106
               1.972       0.99608905517
               1.974       0.99637006894
               1.976       0.99665071159
               1.978       0.99693101234
                1.98       0.99721100028
               1.982       0.99749070448
               1.984       0.99777015385
               1.986        0.9980493772
               1.988        0.9983284032
                1.99       0.99860726034
               1.992       0.99888597695
               1.994       0.99916458114
               1.996       0.99944310097
               1.998       0.99972156455
                   2                   1
