118
151
119
94
111
129
133
119
131
117
125
128
108
126
138
100
142
141
136
123
 91
132
62
115
93
160
77
127
120
121
131
131
137
87
74
113
96
117
99
104
119
123
101
129
112 
118
103
85
140
111
115
106
106
118
96
103
113
104
83
115
111
116
116
83
116
85
96
127
103
103
126 
102
108
96
104
98
60
107
103
98
107
123
111
102
102
127
85
114
101
89
99
108
108
92
113 
118
112
93
72
83
109
92
109
125
101
98
113
112
92
114
65
88
87
101
92
93
95
90
94
95
90 
103
121
117
104
86
100
56
107
92
113
85
91
93
98
88
91
108
95
74
107
96
49
70
52 
108
56
83
77
97 
94
67
122
104
88
112
69
101	
