  60.630099999999999
  36.120500000000000
  17.427399999999999
  17.504100000000001
   3.934200000000000
   5.131500000000000
  40.443800000000003
  25.005500000000001
  46.988999999999997
   3.161600000000000
  69.145200000000003
   9.342499999999999
  37.649299999999997
  29.260300000000001
   4.676700000000000
  10.871200000000000
   6.317800000000000
  58.493200000000002
   9.137000000000001
  40.621899999999997
  27.994499999999999
   1.227400000000000
  45.208199999999998
  46.961599999999997
  43.830100000000002
  32.854799999999997
  33.983600000000003
  25.594500000000000
  12.427400000000000
  23.221900000000002
   5.720500000000000
  45.621899999999997
  63.046599999999998
   6.306800000000000
   8.890400000000000
   9.460300000000000
   0.274000000000000
  57.805500000000002
  39.427399999999999
  18.630099999999999
  45.463000000000001
  21.216400000000000
   5.493200000000000
  31.460300000000000
   4.750700000000000
   5.879500000000000
  13.865800000000000
   0.528800000000000
  24.734200000000001
  60.975299999999997
  43.783600000000000
  50.463000000000001
  12.282200000000000
  43.906799999999997
  15.808199999999999
   2.871200000000000
   8.432900000000000
   0.947900000000000
  25.556200000000000
  19.904100000000000
  15.476699999999999
  34.027400000000000
  66.241100000000003
  27.388999999999999
  12.487700000000000
   2.780800000000000
  64.271199999999993
  45.799999999999997
   4.101400000000000
   4.737000000000000
   8.301399999999999
  23.997299999999999
  28.230100000000000
  25.147900000000000
  47.493200000000002
  74.465800000000002
  21.358899999999998
  26.989000000000001
  43.969900000000003
  48.408200000000001
  19.597300000000001
  26.191800000000001
  43.709600000000002
  58.652099999999997
   4.487700000000000
   8.457500000000000
   1.887700000000000
  73.682199999999995
  21.879500000000000
  42.780799999999999
  29.627400000000002
  64.202699999999993
  52.413699999999999
   8.868499999999999
  45.164400000000001
  18.843800000000002
  38.805500000000002
  20.002700000000001
   3.849300000000000
   3.068500000000000
   4.000000000000000
  66.430099999999996
  33.216400000000000
   1.268500000000000
  62.542499999999997
  39.090400000000002
  16.942499999999999
   5.534200000000000
  59.643799999999999
  50.671199999999999
  30.054800000000000
  13.832900000000000
  25.293199999999999
   1.106800000000000
  34.789000000000001
  19.339700000000001
  31.682200000000002
  67.619200000000006
   2.558900000000000
  12.454800000000001
  80.117800000000003
  65.065799999999996
  36.120500000000000
  28.175300000000000
  24.030100000000001
  77.802700000000002
  53.153399999999998
  39.186300000000003
  20.800000000000001
   5.021900000000000
   9.460300000000000
  14.898600000000000
   5.369900000000000
  60.591799999999999
  22.358899999999998
  57.252099999999999
  33.654800000000002
  23.210999999999999
  55.452100000000002
  44.887700000000002
  41.183599999999998
   4.306800000000000
  11.821899999999999
  24.235600000000002
  60.961599999999997
  14.197300000000000
  67.394499999999994
  55.797300000000000
   2.498600000000000
  46.167099999999998
  41.002699999999997
  44.054800000000000
   7.021900000000000
   4.205500000000000
  53.717799999999997
  30.035599999999999
   6.813700000000000
   1.443800000000000
  73.474000000000004
  40.594499999999996
  45.252099999999999
   4.213700000000000
  25.016400000000001
  39.076700000000002
  31.197299999999998
  54.597299999999997
  29.504100000000001
   0.378100000000000
   4.745200000000000
  38.095900000000000
  40.975299999999997
   7.263000000000000
   2.427400000000000
  23.895900000000001
  52.679499999999997
   0.534200000000000
  49.183599999999998
  51.421900000000001
  14.139699999999999
  47.112299999999998
   4.271200000000000
  33.860300000000002
  54.542499999999997
  32.849299999999999
  29.495899999999999
  67.145200000000003
  47.232900000000001
  16.550699999999999
  25.895900000000001
   5.641100000000000
   3.356200000000000
   0.986300000000000
  41.016399999999997
  20.002700000000001
  32.323300000000003
  26.191800000000001
  48.660299999999999
  46.301400000000001
  73.989000000000004
  24.479500000000002
  67.443799999999996
  34.558900000000001
   3.989000000000000
  10.737000000000000
   8.701400000000000
  40.901400000000002
  69.076700000000002
  24.682200000000002
   4.490400000000000
  36.304099999999998
  21.800000000000001
  19.838400000000000
  36.156199999999998
   3.674000000000000
  51.043799999999997
  41.016399999999997
   1.758900000000000
  35.728800000000000
  31.049299999999999
  23.019200000000001
  43.769900000000000
  25.109600000000000
   1.230100000000000
  24.635600000000000
  25.356200000000001
   0.945200000000000
  23.594500000000000
  15.446600000000000
  30.679500000000001
   1.660300000000000