                0.86       0.02849923542       0.02849923542
                1.72      0.056875802977      0.056875802977
                2.58       0.12357562055       0.27251179076
                3.44       0.11280043066       0.30634881776
                 4.3       0.10155083265       0.30143562528
                5.16       0.20480845186       0.41909416615
                6.02       0.25076240699       0.46879893667
                6.88       0.27628834521       0.49432487489
                7.74       0.26913365098       0.49135587321
                 8.6        0.2557503133       0.49495788278
                9.46       0.25709110011        0.4966322607
               10.32       0.25248920381       0.50116944514
               11.18       0.24422579933       0.50576426087
               12.04       0.23721423931       0.50701015768
                12.9       0.25785482024       0.52765073861
               13.76        0.2591232765       0.52580848229
               14.62       0.25889606682       0.51869463496
               15.48       0.26543861068       0.53626423082
               16.34       0.27311593241       0.51285473838
                17.2       0.27244297619       0.47916566527
               18.06       0.37264957929       0.59014384973
               18.92       0.39071019055       0.60820446099
               19.78       0.38938767579       0.61311061951
               20.64       0.39547159856       0.59547159856
                21.5       0.50903352429       0.69822271348
               22.36       0.52864380712       0.72778910626
               23.22       0.58897024974       0.79959055049
               24.08       0.58582698672       0.81149070353
               24.94       0.60278959629       0.82845331311
                25.8       0.60158374062        0.8213639604
               26.66       0.60160734798       0.82314580952
               27.52       0.59829645055       0.81630470649
               28.38       0.67422671678       0.88727934836
               29.24       0.67694591539        0.8882554392
                30.1       0.67269727113       0.88170348231
               30.96       0.68697879572        0.8959850069
               31.82       0.69030414071       0.89058823162
               32.68       0.68813844054        0.8872455834
               33.54       0.69279617866       0.88442733784
                34.4       0.69248757404       0.87634785709
               35.26       0.69162181663       0.87651070552
               36.12       0.69634791883       0.86862672697
               36.98       0.70677840332       0.87905721147
               37.84       0.80872971492       0.97399582137
                38.7       0.80836034766       0.97299449401
               39.56       0.80784057885       0.96595397083
               40.42       0.80975079217       0.96078527492
               41.28       0.80912113749       0.95964745328
               42.14       0.81115787789       0.95710382384
                  43       0.81352187147       0.95130854784
               43.86       0.82081451259       0.95860118896
               44.72        0.8224517438       0.95639283777
               45.58       0.90755793872                   1
               46.44       0.91100846855                   1
                47.3       0.91371469592                   1
               48.16       0.91593930639                   1
               49.02       0.91815403364                   1
               49.88       0.92279597781                   1
               50.74       0.92128987116                   1
                51.6       0.92347142804                   1
               52.46       0.92478980473                   1
               53.32       0.92662492742                   1
               54.18       0.92725922737                   1
               55.04       0.92768068517                   1
                55.9       0.92996888522                   1
               56.76       0.93203757885                   1
               57.62       0.93192696654                   1
               58.48       0.93121351015       0.99983589319
               59.34       0.93283679553       0.99845124858
                60.2        0.9343676452       0.99682526083
               61.06       0.93582610777        0.9930793568
               61.92       0.93723245084       0.99448569987
               62.78       0.93860680509       0.99425749002
               63.64       0.93996827003       0.99311895496
                64.5       0.95619839693                   1
               65.36       0.95758198091                   1
               66.22        0.9589927899                   1
               67.08        0.9604340318                   1
               67.94       0.96190130313                   1
                68.8       0.96338401021                   1
               69.66       0.96487028874                   1
               70.52        0.9663482121                   1
               71.38       0.96780601204                   1
               72.24        0.9930418177                   1
                73.1       0.99442576841                   1
               73.96       0.99575735365                   1
               74.82       0.99702750005                   1
               75.68       0.99822825882                   1
               76.54       0.99935294682                   1
                77.4        1.0003962613                   1
               78.26        1.0013543869                   1
               79.12        1.0022257597                   1
               79.98        1.0030123208                   1
               80.84        1.0037192948                   1
                81.7        1.0043546062                   1
               82.56        1.0049283001                   1
               83.42        1.0054519625                   1
               84.28        1.0059381332                   1
               85.14        1.0063997068                   1
