                0.86      0.031863911759      0.046287490821
                1.72      0.063161154196      0.091610867326
                2.58      0.093734516113       0.13524634379
                3.44       0.12328788477        0.1769240942
                 4.3       0.15074616835       0.21661744925
                5.16       0.17656332854        0.2534709215
                6.02       0.20105632173       0.28597632918
                6.88       0.22338203211       0.31613674545
                7.74       0.24355441136       0.34344037576
                 8.6       0.26204276715       0.36774588533
                9.46       0.27932040475       0.38895249906
               10.32       0.29581810847       0.40862285944
               11.18       0.31198473882       0.42533278657
               12.04       0.32799255524       0.44192190381
                12.9       0.34400852914       0.45910970559
               13.76       0.35905392782       0.47462542313
               14.62       0.37598249952       0.48822100423
               15.48       0.39357587544       0.50501253275
               16.34       0.41250157465       0.52360236071
                17.2       0.43391655245       0.54345400708
               18.06       0.45455305162       0.56300889795
               18.92       0.47837770702       0.58217035182
               19.78       0.50016053968       0.60117340361
               20.64       0.52156873866        0.6207687826
                21.5       0.54278682345       0.64101542119
               22.36       0.56319978155       0.66160331541
               23.22       0.58278509257       0.68437124576
               24.08       0.60130757315       0.70296334459
               24.94       0.61808136496       0.72234511587
                25.8       0.63351142898       0.74100882948
               26.66        0.6484573674        0.7573941013
               27.52       0.66299246544       0.77305303067
               28.38       0.67717491902        0.7872157019
               29.24        0.6895521113       0.79985329306
                30.1       0.70180558325       0.81254844917
               30.96       0.71321840571       0.82350177747
               31.82       0.72512143257       0.83263311481
               32.68        0.7369751454       0.84255239094
               33.54       0.74705372646       0.85184851581
                34.4       0.75814109542       0.86009510136
               35.26       0.76746631438       0.86787762611
               36.12       0.77820455829       0.87565882874
               36.98       0.78770910441       0.88356989695
               37.84       0.79991227889       0.89302172999
                38.7       0.81084461356       0.90195208468
               39.56       0.82222359589        0.9101201784
               40.42       0.83372761397       0.91706668365
               41.28       0.84634249896       0.92430420149
               42.14       0.85711847235       0.93033111216
                  43       0.86768690118       0.93619769084
               43.86       0.87740799416       0.94136162801
               44.72       0.88672112311       0.94783966647
               45.58       0.89520671883       0.95412784575
               46.44       0.90315857612       0.96015283011
                47.3       0.91004550821       0.96510720584
               48.16       0.91593093396       0.96959468551
               49.02       0.92100444699       0.97285914858
               49.88       0.92569485156       0.97678291886
               50.74       0.92957427042       0.98089527097
                51.6       0.93154320478       0.98254239898
               52.46       0.93367227666       0.98479462446
               53.32        0.9354199751       0.98718297358
               54.18       0.93692493996       0.98884997646
               55.04       0.93797187721       0.99005912214
                55.9        0.9389409771       0.99008539097
               56.76       0.93967881942       0.99015990933
               57.62       0.94057383052       0.99008735748
               58.48       0.94136232534       0.99010030854
               59.34       0.94221052723       0.99094883455
                60.2       0.94326858228       0.99152324985
               61.06       0.94454013108       0.99264977161
               61.92       0.94623575841       0.99355767257
               62.78        0.9482822374       0.99388893231
               63.64       0.95062255963       0.99395732779
                64.5       0.95320944021       0.99510940178
               65.36       0.95607871809       0.99614228257
               66.22       0.95914053276       0.99678593308
               67.08       0.96240842352       0.99774586487
               67.94       0.96576295696       0.99857565844
                68.8       0.96918659002       0.99941425927
               69.66       0.97262066879                   1
               70.52       0.97600623317                   1
               71.38       0.97928169387                   1
               72.24       0.98240492223                   1
                73.1        0.9853215745                   1
               73.96       0.98799263616                   1
               74.82       0.99038867161                   1
               75.68        0.9924911957                   1
               76.54       0.99429370016                   1
                77.4       0.99580224091                   1
               78.26        0.9970336185                   1
               79.12       0.99800872822                   1
               79.98       0.99874865907                   1
               80.84       0.99927856002                   1
                81.7       0.99963019563                   1
               82.56       0.99984017115                   1
               83.42       0.99994733456                   1
               84.28       0.99998949594                   1
               85.14       0.99999941407                   1
