                0.86       0.02849923542       0.02849923542
                1.72      0.056875802977      0.056875802977
                2.58       0.12705724531       0.27251179076
                3.44       0.11280043066       0.30634881776
                 4.3       0.10155083265       0.30143562528
                5.16       0.20192244898       0.42464972171
                6.02       0.25213227001       0.46879893667
                6.88       0.27765820822       0.49432487489
                7.74       0.26913365098       0.49532412717
                 8.6       0.26290046651       0.49610204754
                9.46       0.24469093197       0.51166985469
               10.32       0.25763224463        0.5005284195
               11.18       0.24924252174       0.50576426087
               12.04       0.23303425406       0.49445201814
                12.9       0.25367483499       0.51509259907
               13.76       0.26186161322       0.52055295492
               14.62       0.25524125963       0.52186462571
               15.48       0.27030261703       0.53730373186
               16.34       0.27433433022       0.52535473838
                17.2       0.27597031305       0.49904396141
               18.06       0.37999036684       0.59514560473
               18.92       0.39805097811       0.61320621599
               19.78       0.39778273751       0.62176862817
               20.64       0.39466514695       0.59547159856
                21.5         0.509794849       0.69856267609
               22.36       0.52100312565       0.73015704797
               23.22       0.57841830169       0.79432739259
               24.08       0.57411696616       0.80622754564
               24.94       0.59107957573       0.82319015521
                25.8       0.59890482749       0.82180899823
               26.66       0.60425440681       0.81875020512
               27.52       0.59509951961       0.81520821526
               28.38       0.67401892457       0.88727934836
               29.24       0.68001811201       0.87744716852
                30.1        0.6712686997       0.87163907007
               30.96       0.68555022429       0.88592059466
               31.82       0.68505938547       0.88990888379
               32.68       0.68931597677        0.8872455834
               33.54       0.69335734588       0.89032704285
                34.4       0.69534657339        0.8872126021
               35.26       0.69414706915       0.87596525097
               36.12       0.69859567107       0.86950159442
               36.98       0.70902615557       0.87993207891
               37.84       0.80872971492        0.9743611849
                38.7       0.81390358491       0.97299449401
               39.56       0.81316408417       0.97246761847
               40.42       0.81516544021       0.96096876116
               41.28       0.81162113749       0.95912113749
               42.14       0.80973540279       0.95902690076
                  43       0.81180020719       0.95891614094
               43.86       0.81909284831       0.96620878206
               44.72       0.82341792738       0.95675126071
               45.58       0.90755793872                   1
               46.44       0.91100846855                   1
                47.3       0.91466304724                   1
               48.16       0.91593930639                   1
               49.02       0.91753231493                   1
               49.88        0.9221742591                   1
               50.74       0.92219566826                   1
                51.6       0.92394051519                   1
               52.46       0.92493466928                   1
               53.32       0.92592530056                   1
               54.18       0.92734992209                   1
               55.04       0.92768068517                   1
                55.9       0.92996888522                   1
               56.76       0.93154895463                   1
               57.62       0.92899406771                   1
               58.48       0.93073362183                   1
               59.34       0.93235690722       0.99967169099
                60.2       0.93388775689       0.99626833013
               61.06       0.93534621945       0.99213468744
               61.92       0.93675256252        0.9935410305
               62.78       0.93812691677       0.99425749002
               63.64       0.93948838171       0.99484735002
                64.5       0.95571850862                   1
               65.36       0.95710209259                   1
               66.22       0.95851290158                   1
               67.08       0.95995414348                   1
               67.94       0.96142141481                   1
                68.8       0.96290412189                   1
               69.66       0.96439040043                   1
               70.52       0.96586832379                   1
               71.38       0.96732612372                   1
               72.24       0.99256192938                   1
                73.1       0.99394588009                   1
               73.96       0.99527746533                   1
               74.82       0.99654761173                   1
               75.68        0.9977483705                   1
               76.54       0.99887305851                   1
                77.4         0.999916373                   1
               78.26        1.0008744986                   1
               79.12        1.0017458714                   1
               79.98        1.0025324325                   1
               80.84        1.0032394065                   1
                81.7        1.0038747179                   1
               82.56        1.0044484118                   1
               83.42        1.0049720742                   1
               84.28        1.0054582448                   1
               85.14        1.0059198185                   1
