                   0                   0
                   2              0.1875
                   3        0.1935483871
                   5       0.30769230769
                   6       0.35897435897
                   9       0.36363636364
                  10       0.37037037037
                  18               0.475
                  21       0.59459459459
                  22               0.625
                  23       0.69642857143
                  28       0.76923076923
                  29       0.77419354839
                  31       0.77611940299
                  37       0.87777777778
                  45       0.96132596685
                  64       0.97619047619
                  72                   1
                  86                   1
