                   0                   0
               0.086     0.0028519543349
               0.172     0.0057037857359
               0.258     0.0085553712078
               0.344      0.011406587633
                0.43      0.014257311754
               0.516      0.017107420321
               0.602      0.019956790136
               0.688      0.022805298006
               0.774      0.025652820726
                0.86       0.02849923542
               0.946      0.031344419836
               1.032      0.034188252297
               1.118      0.037030611634
               1.204       0.03987137711
                1.29      0.042710428351
               1.376      0.045547645286
               1.462      0.048382908493
               1.548      0.051216099942
               1.634      0.054047103116
                1.72      0.056875802977
               1.806      0.059702085924
               1.892      0.062525839757
               1.978      0.065346953638
               2.064      0.068165318054
                2.15       0.07098082478
               2.236      0.073793366844
               2.322      0.076602838487
               2.408      0.079409135129
               2.494      0.082212153331
                2.58      0.085011790763
               2.666      0.087807946166
               2.752      0.090600519314
               2.838      0.093389410985
               2.924      0.096174522922
                3.01      0.098955757797
               3.096       0.10173301918
               3.182       0.10450621151
               3.268       0.10727524003
               3.354       0.11004001081
                3.44       0.11280043066
               3.526       0.11555640712
               3.612       0.11830784842
               3.698       0.12105466345
               3.784       0.12379676172
                3.87       0.12653405335
               3.956         0.129266449
               4.042       0.13199385985
               4.128       0.13471619759
               4.214       0.13743337435
                 4.3        0.1401453027
               4.386       0.14285189562
               4.472       0.14555306689
               4.558       0.14824873178
               4.644        0.1509388071
                4.73       0.15362321121
               4.816       0.15630186401
               4.902       0.15897468695
               4.988         0.161641603
               5.074       0.16430253667
                5.16       0.16695741401
               5.246       0.16960616258
               5.332       0.17224871147
               5.418       0.17488499126
               5.504       0.17751493409
                5.59       0.18013847356
               5.676       0.18275554483
               5.762       0.18536608454
               5.848       0.18797003122
               5.934       0.19056732569
                6.02       0.19315791103
               6.106       0.19574173264
               6.192       0.19831873816
               6.278       0.20088887747
               6.364       0.20345210268
                6.45       0.20600836806
               6.536        0.2085576301
               6.622       0.21109984742
               6.708       0.21363498078
               6.794       0.21616299305
                6.88       0.21868384925
               6.966       0.22119751651
               7.052        0.2237039641
               7.138       0.22620316333
               7.224       0.22869508763
                7.31       0.23117971243
               7.396       0.23365701521
               7.482       0.23612697545
               7.568       0.23858957461
               7.654       0.24104479612
                7.74       0.24349262534
               7.826       0.24593304958
               7.912       0.24836605801
               7.998       0.25079164172
               8.084       0.25320979364
                8.17       0.25562050854
               8.256       0.25802378302
               8.342       0.26041961548
               8.428       0.26280800608
               8.514       0.26518895676
                 8.6       0.26756247118
               8.686       0.26992855472
               8.772       0.27228721448
               8.858       0.27463845921
               8.944       0.27698229935
                9.03       0.27931874699
               9.116       0.28164781586
               9.202       0.28396952129
               9.288       0.28628388019
               9.374       0.28859091106
                9.46       0.29089063391
               9.546       0.29318307028
               9.632       0.29546824322
               9.718       0.29774617724
               9.804       0.30001689828
                9.89       0.30228043375
               9.976       0.30453681241
              10.062       0.30678606444
              10.148       0.30902822135
              10.234       0.31126331597
               10.32       0.31349138246
              10.406       0.31571245623
              10.492       0.31792657395
              10.578       0.32013377353
              10.664       0.32233409404
               10.75       0.32452757577
              10.836       0.32671426013
              10.922       0.32889418963
              11.008       0.33106740791
              11.094       0.33323395963
               11.18        0.3353938905
              11.266       0.33754724725
              11.352       0.33969407755
              11.438       0.34183443004
              11.524       0.34396835426
               11.61       0.34609590062
              11.696       0.34821712042
              11.782       0.35033206573
              11.868       0.35244078944
              11.954       0.35454334519
               12.04       0.35663978731
              12.126       0.35873017084
              12.212       0.36081455148
              12.298       0.36289298553
              12.384       0.36496552986
               12.47       0.36703224194
              12.556        0.3690931798
              12.642       0.37114840202
              12.728       0.37319796771
              12.814       0.37524193645
                12.9       0.37728036824
              12.986       0.37931332351
              13.072       0.38134086304
              13.158       0.38336304793
              13.244       0.38537993957
               13.33        0.3873915996
              13.416       0.38939808983
              13.502       0.39139947232
              13.588       0.39339580924
              13.674       0.39538716292
               13.76       0.39737359579
              13.846       0.39935517028
              13.932       0.40133194886
              14.018       0.40330399392
              14.104       0.40527136777
               14.19       0.40723413259
              14.276       0.40919235034
              14.362       0.41114608278
              14.448       0.41309539135
              14.534       0.41504033719
               14.62       0.41698098101
              14.706       0.41891738311
              14.792       0.42084960341
              14.878       0.42277770206
              14.964       0.42470173973
               15.05       0.42662177757
              15.136       0.42853787707
              15.222       0.43045010007
              15.308       0.43235850857
              15.394       0.43426316472
               15.48       0.43616413072
              15.566        0.4380614687
              15.652       0.43995524067
              15.738       0.44184550844
              15.824       0.44373233347
               15.91       0.44561577686
              15.996       0.44749589921
              16.082       0.44937276054
              16.168        0.4512464202
              16.254       0.45311693677
               16.34       0.45498436801
              16.426       0.45684877077
              16.512       0.45871020126
              16.598       0.46056871518
              16.684        0.4624243676
               16.77       0.46427721291
              16.856       0.46612730473
              16.942       0.46797469579
              17.028       0.46981943791
              17.114       0.47166158184
                17.2       0.47350117725
              17.286       0.47533827256
              17.372       0.47717291494
              17.458       0.47900515052
              17.544       0.48083502513
               17.63       0.48266258441
              17.716       0.48448787371
              17.802       0.48631093811
              17.888       0.48813182228
              17.974       0.48995057045
               18.06       0.49176722635
              18.146       0.49358183313
              18.232       0.49539443331
              18.318       0.49720506871
              18.404       0.49901378039
               18.49       0.50082060856
              18.576       0.50262559254
              18.662       0.50442877069
              18.748       0.50623018031
              18.834       0.50802985761
               18.92       0.50982783761
              19.006        0.5116241541
              19.092       0.51341883954
              19.178       0.51521192499
              19.264       0.51700344006
               19.35        0.5187934128
              19.436       0.52058186968
              19.522       0.52236883552
              19.608       0.52415433344
              19.694        0.5259383848
               19.78       0.52772100912
              19.866       0.52950222398
              19.952       0.53128204496
              20.038       0.53306048558
              20.124       0.53483755718
               20.21       0.53661326886
              20.296       0.53838762741
              20.382       0.54016063723
              20.468       0.54193230102
              20.554       0.54370262089
               20.64       0.54547159856
              20.726       0.54723923532
              20.812         0.549005532
              20.898       0.55077048892
              20.984       0.55253410585
               21.07       0.55429638201
              21.156       0.55605731598
              21.242       0.55781690572
              21.328       0.55957514846
              21.414       0.56133204076
                21.5       0.56308757835
              21.586        0.5648417562
              21.672       0.56659456842
              21.758       0.56834600822
              21.844        0.5700960679
               21.93       0.57184473878
              22.016       0.57359201117
              22.102       0.57533787431
              22.188       0.57708231637
              22.274       0.57882532434
               22.36       0.58056688404
              22.446       0.58230698006
              22.532       0.58404559568
              22.618       0.58578271289
              22.704       0.58751831229
               22.79       0.58925237312
              22.876       0.59098487381
              22.962       0.59271579217
              23.048       0.59444510536
              23.134       0.59617278981
               23.22       0.59789882117
              23.306       0.59962317418
              23.392       0.60134582265
              23.478       0.60306673939
              23.564       0.60478589607
               23.65       0.60650326321
              23.736       0.60821881008
              23.822       0.60993250462
              23.908       0.61164431336
              23.994       0.61335420136
               24.08        0.6150621321
              24.166       0.61676806745
              24.252       0.61847196752
              24.338       0.62017379065
              24.424       0.62187349351
               24.51        0.6235710323
              24.596       0.62526636333
              24.682       0.62695944312
              24.768       0.62865022829
              24.854       0.63033867555
               24.94       0.63202474168
              25.026       0.63370838349
              25.112       0.63538955778
              25.198       0.63706822131
              25.284       0.63874433078
               25.37       0.64041784278
              25.456       0.64208871378
              25.542       0.64375690014
              25.628       0.64542235809
              25.714       0.64708504368
                25.8       0.64874491278
              25.886       0.65040192102
              25.972       0.65205602377
              26.058       0.65370717608
              26.144       0.65535533268
               26.23       0.65700044794
              26.316       0.65864247582
              26.402       0.66028136983
              26.488       0.66191708302
              26.574       0.66354956793
               26.66       0.66517877655
              26.746        0.6668046603
              26.832       0.66842716997
              26.918       0.67004625569
              27.004       0.67166186691
               27.09       0.67327395236
              27.176       0.67488245997
              27.262        0.6764873369
              27.348       0.67808852944
              27.434       0.67968598319
               27.52       0.68127964383
              27.606       0.68286945741
              27.692       0.68445537039
              27.778       0.68603732959
              27.864       0.68761528222
               27.95       0.68918917583
              28.036       0.69075895835
              28.122       0.69232457803
              28.208       0.69388598346
              28.294       0.69544312356
               28.38       0.69699594755
              28.466       0.69854440516
              28.552       0.70008844696
              28.638        0.7016280244
              28.724       0.70316308984
               28.81       0.70469359655
              28.896       0.70621949868
              28.982       0.70774075131
              29.068       0.70925731042
              29.154       0.71076913289
               29.24       0.71227617653
              29.326       0.71377840006
              29.412       0.71527576311
              29.498       0.71676822626
              29.584       0.71825575096
               29.67       0.71973829964
              29.756        0.7212158356
              29.842       0.72268832311
              29.928       0.72415572733
              30.014       0.72561801439
                30.1       0.72707515131
              30.186       0.72852710606
              30.272       0.72997384754
              30.358       0.73141534556
              30.444       0.73285157089
               30.53       0.73428249522
              30.616       0.73570809116
              30.702       0.73712833225
              30.788       0.73854319299
              30.874       0.73995264876
               30.96       0.74135667591
              31.046       0.74275525168
              31.132       0.74414835428
              31.218        0.7455359628
              31.304       0.74691805726
               31.39       0.74829461863
              31.476       0.74966562877
              31.562       0.75103107054
              31.648       0.75239092776
              31.734       0.75374518521
               31.82       0.75509382863
              31.906       0.75643684473
              31.992       0.75777422115
              32.078       0.75910594652
              32.164        0.7604320104
               32.25       0.76175240329
              32.336       0.76306711665
              32.422       0.76437614287
              32.508       0.76567947533
              32.594       0.76697710843
               32.68       0.76826903756
              32.766        0.7695552591
              32.852       0.77083577045
              32.938          0.77211057
              33.024       0.77337965712
               33.11       0.77464303215
              33.196       0.77590069644
              33.282       0.77715265227
              33.368       0.77839890292
              33.454       0.77963945262
               33.54       0.78087430654
              33.626       0.78210347079
              33.712       0.78332695244
              33.798       0.78454475947
              33.884       0.78575690079
               33.97        0.7869633862
              34.056       0.78816422644
              34.142       0.78935943311
              34.228       0.79054901869
              34.314       0.79173299656
                34.4       0.79291138093
              34.486       0.79408418688
              34.572       0.79525143032
              34.658       0.79641312798
              34.744        0.7975692974
               34.83       0.79871995694
              34.916       0.79986512572
              35.002       0.80100482364
              35.088       0.80213907136
              35.174       0.80326789028
               35.26       0.80439130253
              35.346       0.80550933094
              35.432       0.80662199905
              35.518       0.80772933104
              35.604        0.8088313518
               35.69       0.80992808682
              35.776       0.81101956223
              35.862       0.81210580475
              35.948       0.81318684171
              36.034       0.81426270097
               36.12       0.81533341095
              36.206       0.81639900059
              36.292       0.81745949932
              36.378       0.81851493707
              36.464       0.81956534419
               36.55       0.82061075148
              36.636       0.82165119015
              36.722       0.82268669178
              36.808       0.82371728831
              36.894       0.82474301201
               36.98       0.82576389544
              37.066       0.82677997146
              37.152       0.82779127317
              37.238       0.82879783388
              37.324        0.8297996871
               37.41       0.83079686649
              37.496       0.83178940586
              37.582        0.8327773391
              37.668       0.83376070019
              37.754       0.83473952312
               37.84       0.83571384191
              37.926       0.83668369052
              38.012       0.83764910288
              38.098       0.83861011279
              38.184       0.83956675394
               38.27       0.84051905982
              38.356       0.84146706373
              38.442       0.84241079873
              38.528       0.84335029758
              38.614       0.84428559272
                38.7       0.84521671623
              38.786       0.84614369978
              38.872       0.84706657461
              38.958       0.84798537145
              39.044       0.84890012051
               39.13       0.84981085143
              39.216       0.85071759323
              39.302       0.85162037425
              39.388       0.85251922215
              39.474       0.85341416381
               39.56       0.85430522531
              39.646       0.85519243189
              39.732       0.85607580789
              39.818       0.85695537667
              39.904       0.85783116063
               39.99       0.85870318109
              40.076       0.85957145827
              40.162       0.86043601124
              40.248       0.86129685786
              40.334        0.8621540147
               40.42       0.86300749715
              40.506       0.86385731998
              40.592       0.86470349776
              40.678       0.86554604483
              40.764       0.86638497531
               40.85         0.867220303
              40.936       0.86805204142
              41.022       0.86888020372
              41.108       0.86970480269
              41.194       0.87052585071
               41.28       0.87134335971
              41.366       0.87215734114
              41.452       0.87296780595
              41.538       0.87377476453
              41.624       0.87457822668
               41.71       0.87537820159
              41.796        0.8761746978
              41.882       0.87696772327
              41.968        0.8777572854
              42.054       0.87854339095
               42.14       0.87932604606
              42.226       0.88010525613
              42.312       0.88088102584
              42.398       0.88165335904
              42.484       0.88242225877
               42.57       0.88318772718
              42.656       0.88394976546
              42.742       0.88470837384
              42.828        0.8854635515
              42.914       0.88621529652
                  43       0.88696360589
              43.086       0.88770847536
              43.172       0.88844989947
              43.258       0.88918787146
              43.344       0.88992238323
               43.43       0.89065342545
              43.516       0.89138098834
              43.602       0.89210506199
              43.688       0.89282563643
              43.774       0.89354270153
               43.86         0.894256247
              43.946        0.8949662624
              44.032       0.89567273704
              44.118       0.89637566003
              44.204       0.89707502021
               44.29       0.89777080614
              44.376       0.89846300605
              44.462       0.89915160797
              44.548       0.89983659984
              44.634       0.90051796962
               44.72       0.90119570516
              44.806       0.90186979427
              44.892       0.90254022467
              44.978       0.90320698395
              45.064       0.90387005956
               45.15       0.90452943879
              45.236       0.90518510875
              45.322       0.90583705635
              45.408       0.90648526829
              45.494       0.90712973149
               45.58       0.90777043341
              45.666       0.90840736207
              45.752       0.90904050604
              45.838       0.90966985444
              45.924       0.91029539694
               46.01       0.91091712374
              46.096       0.91153502558
              46.182        0.9121490937
              46.268       0.91275931987
              46.354       0.91336569637
               46.44       0.91396821598
              46.526       0.91456687196
              46.612       0.91516165807
              46.698       0.91575256851
              46.784       0.91633959799
               46.87       0.91692274165
              46.956       0.91750199508
              47.042       0.91807735431
              47.128       0.91864881579
              47.214        0.9192163764
                47.3       0.91978003341
              47.386       0.92033978451
              47.472       0.92089562774
              47.558       0.92144756153
              47.644       0.92199558469
               47.73       0.92253969634
              47.816       0.92307989597
              47.902       0.92361618338
              47.988       0.92414855867
              48.074       0.92467702225
               48.16       0.92520157483
              48.246       0.92572221736
              48.332       0.92623895107
              48.418       0.92675177741
              48.504       0.92726069807
               48.59       0.92776571496
              48.676       0.92826683017
              48.762       0.92876404598
              48.848       0.92925736482
              48.934       0.92974678929
               49.02       0.93023232211
              49.106       0.93071396611
              49.192       0.93119172421
              49.278       0.93166559944
              49.364       0.93213559486
               49.45       0.93260171357
              49.536       0.93306395871
              49.622       0.93352233342
              49.708       0.93397684082
              49.794       0.93442748402
               49.88       0.93487426627
              49.966         0.935317191
              50.052        0.9357562618
              50.138        0.9361914824
              50.224       0.93662285665
               50.31       0.93705038844
              50.396       0.93747408179
              50.482       0.93789394108
              50.568       0.93830997153
              50.654        0.9387221792
               50.74       0.93913057097
              50.826       0.93953515456
              50.912       0.93993593848
              50.998       0.94033293206
              51.084       0.94072614543
               51.17       0.94111558948
              51.256        0.9415012759
              51.342        0.9418832171
              51.428       0.94226142628
              51.514        0.9426359174
                51.6       0.94300670521
              51.686       0.94337380522
              51.772       0.94373723374
              51.858       0.94409700779
              51.944       0.94445314515
               52.03       0.94480566434
              52.116       0.94515458459
              52.202       0.94549992584
              52.288       0.94584170872
              52.374       0.94617995455
               52.46       0.94651468534
              52.546       0.94684592372
              52.632       0.94717369302
              52.718       0.94749801717
              52.804       0.94781892072
               52.89       0.94813642887
              52.976       0.94845056737
              53.062       0.94876136258
              53.148       0.94906884144
              53.234       0.94937303143
               53.32       0.94967396057
              53.406       0.94997165743
              53.492       0.95026615109
              53.578       0.95055747116
              53.664       0.95084564777
               53.75       0.95113071151
              53.836        0.9514126935
              53.922       0.95169162528
              54.008       0.95196753888
              54.094       0.95224046674
               54.18       0.95251044173
              54.266       0.95277749712
              54.352       0.95304166657
              54.438       0.95330298412
              54.524       0.95356148416
               54.61       0.95381720142
              54.696       0.95407017095
              54.782       0.95432042812
              54.868       0.95456800858
              54.954       0.95481294824
               55.04       0.95505528329
              55.126       0.95529505013
              55.212        0.9555322854
              55.298       0.95576702592
              55.384        0.9559993087
               55.47       0.95622917091
              55.556       0.95645664987
              55.642       0.95668178302
              55.728       0.95690460788
              55.814       0.95712516209
                55.9       0.95734348334
              55.986       0.95755960935
              56.072       0.95777357787
              56.158       0.95798542665
              56.244       0.95819519344
               56.33        0.9584029159
              56.416       0.95860863169
              56.502       0.95881237832
              56.588       0.95901419324
              56.674       0.95921411374
               56.76       0.95941217697
              56.846        0.9596084199
              56.932        0.9598028793
              57.018       0.95999559171
              57.104       0.96018659343
               57.19       0.96037592048
              57.276       0.96056360857
              57.362       0.96074969312
              57.448       0.96093420918
              57.534       0.96111719141
               57.62       0.96129867411
              57.706       0.96147869112
              57.792       0.96165727585
              57.878        0.9618344612
              57.964        0.9620102796
               58.05       0.96218476293
              58.136        0.9623579425
              58.222       0.96252984903
              58.308       0.96270051263
              58.394       0.96286996277
               58.48       0.96303822823
              58.566       0.96320533708
              58.652       0.96337131667
              58.738       0.96353619356
              58.824       0.96369999354
               58.91       0.96386274156
              58.996       0.96402446171
              59.082       0.96418517719
              59.168       0.96434491028
              59.254       0.96450368231
               59.34       0.96466151361
              59.426       0.96481842365
              59.512       0.96497443162
              59.598       0.96512955685
              59.684       0.96528381878
               59.77       0.96543723697
              59.856       0.96558983108
              59.942       0.96574162087
              60.028       0.96589262619
              60.114       0.96604286699
                60.2       0.96619236328
              60.286       0.96634113517
              60.372       0.96648920281
              60.458       0.96663658642
              60.544       0.96678330626
               60.63       0.96692938265
              60.716       0.96707483594
              60.802        0.9672196865
              60.888       0.96736395473
              60.974       0.96750766105
               61.06       0.96765082585
              61.146       0.96779346956
              61.232       0.96793561258
              61.318       0.96807727527
              61.404         0.968218478
               61.49       0.96835924108
              61.576       0.96849958477
              61.662       0.96863952929
              61.748       0.96877909478
              61.834       0.96891830133
               61.92       0.96905716892
              62.006       0.96919571745
              62.092       0.96933396674
              62.178       0.96947193647
              62.264       0.96960964621
               62.35        0.9697471154
              62.436       0.96988436335
              62.522       0.97002140919
              62.608       0.97015827193
              62.694       0.97029497038
               62.78       0.97043152317
              62.866       0.97056794875
              62.952       0.97070426536
              63.038       0.97084049102
              63.124       0.97097664354
               63.21       0.97111274047
              63.296       0.97124879914
              63.382        0.9713848366
              63.468       0.97152086963
              63.554       0.97165691473
               63.64       0.97179298811
              63.726       0.97192910566
              63.812       0.97206528295
              63.898       0.97220153524
              63.984       0.97233787742
               64.07       0.97247432403
              64.156       0.97261088924
              64.242       0.97274758683
              64.328       0.97288443018
              64.414       0.97302143228
                64.5       0.97315860567
              64.586       0.97329596247
              64.672       0.97343351432
              64.758       0.97357127244
              64.844       0.97370924751
               64.93       0.97384744976
              65.016        0.9739858889
              65.102       0.97412457409
              65.188       0.97426351399
              65.274       0.97440271667
               65.36       0.97454218965
              65.446       0.97468193985
              65.532       0.97482197359
              65.618       0.97496229659
              65.704       0.97510291391
               65.79       0.97524382998
              65.876       0.97538504854
              65.962       0.97552657268
              66.048       0.97566840477
              66.134       0.97581054644
               66.22       0.97595299864
              66.306       0.97609576151
              66.392       0.97623883447
              66.478       0.97638221612
              66.564       0.97652590426
               66.65       0.97666989588
              66.736       0.97681418712
              66.822       0.97695877326
              66.908       0.97710364869
              66.994       0.97724880692
               67.08       0.97739424054
              67.166       0.97753994119
              67.252       0.97768589956
              67.338       0.97783210538
              67.424       0.97797854745
               67.51       0.97812521425
              67.596       0.97827209417
              67.682       0.97841917558
              67.768       0.97856644681
              67.854       0.97871389615
               67.94       0.97886151187
              68.026        0.9790092822
              68.112       0.97915719535
              68.198       0.97930523949
              68.284       0.97945340277
               68.37       0.97960167335
              68.456       0.97975003932
              68.542       0.97989848879
              68.628       0.98004700984
              68.714       0.98019559054
                68.8       0.98034421895
              68.886       0.98049288313
              68.972       0.98064157112
              69.058       0.98079027096
              69.144       0.98093897069
               69.23       0.98108765836
              69.316       0.98123632201
              69.402       0.98138494968
              69.488       0.98153352944
              69.574       0.98168204935
               69.66       0.98183049749
              69.746       0.98197886194
              69.832       0.98212713081
              69.918       0.98227529224
              70.004       0.98242333436
               70.09       0.98257124534
              70.176       0.98271901337
              70.262       0.98286662667
              70.348       0.98301407349
              70.434       0.98316134211
               70.52       0.98330842084
              70.606       0.98345529803
              70.692       0.98360196206
              70.778       0.98374840135
              70.864       0.98389460438
               70.95       0.98404055964
              71.036       0.98418625571
              71.122       0.98433168117
              71.208        0.9844768247
              71.294       0.98462167498
               71.38       0.98476622078
              71.466       0.98491045092
              71.552       0.98505435428
              71.638       0.98519791978
              71.724       0.98534113643
               71.81       0.98548399328
              71.896       0.98562647948
              71.982       0.98576858421
              72.068       0.98591029673
              72.154        0.9860516064
               72.24       0.98619250263
              72.326       0.98633297489
              72.412       0.98647301278
              72.498       0.98661260592
              72.584       0.98675174405
               72.67       0.98689041699
              72.756       0.98702861463
              72.842       0.98716632697
              72.928       0.98730354407
              73.014        0.9874402561
                73.1       0.98757645334
              73.186       0.98771212612
              73.272       0.98784726491
              73.358       0.98798186024
              73.444       0.98811590278
               73.53       0.98824938327
              73.616       0.98838229256
              73.702       0.98851462162
              73.788       0.98864636151
              73.874        0.9887775034
               73.96       0.98890803858
              74.046       0.98903795844
              74.132       0.98916725449
              74.218       0.98929591834
              74.304       0.98942394175
               74.39       0.98955131656
              74.476       0.98967803475
              74.562       0.98980408841
              74.648       0.98992946975
              74.734       0.99005417112
               74.82       0.99017818498
              74.906       0.99030150391
              74.992       0.99042412064
              75.078         0.990546028
              75.164       0.99066721898
               75.25       0.99078768666
              75.336        0.9909074243
              75.422       0.99102642525
              75.508       0.99114468303
              75.594       0.99126219127
               75.68       0.99137894375
              75.766       0.99149493438
              75.852       0.99161015721
              75.938       0.99172460643
              76.024       0.99183827638
               76.11       0.99195116152
              76.196       0.99206325648
              76.282         0.992174556
              76.368         0.992285055
              76.454       0.99239474852
               76.54       0.99250363175
              76.626       0.99261170004
              76.712       0.99271894886
              76.798       0.99282537386
              76.884       0.99293097082
               76.97       0.99303573565
              77.056       0.99313966446
              77.142       0.99324275347
              77.228       0.99334499905
              77.314       0.99344639775
                77.4       0.99354694625
              77.486       0.99364664138
              77.572       0.99374548013
              77.658       0.99384345964
              77.744        0.9939405772
               77.83       0.99403683036
              77.916       0.99413221703
              78.002       0.99422673555
              78.088       0.99432038468
              78.174       0.99441316359
               78.26       0.99450507183
              78.346       0.99459610935
              78.432        0.9946862765
              78.518         0.994775574
              78.604       0.99486400295
               78.69       0.99495156483
              78.776       0.99503826146
              78.862       0.99512409504
              78.948       0.99520906811
              79.034       0.99529318356
               79.12       0.99537644462
              79.206       0.99545885486
              79.292       0.99554041816
              79.378       0.99562113874
              79.464       0.99570102114
               79.55       0.99578007019
              79.636       0.99585829103
              79.722       0.99593568913
              79.808       0.99601227021
              79.894        0.9960880403
               79.98       0.99616300571
              80.066       0.99623717303
              80.152        0.9963105491
              80.238       0.99638314104
              80.324       0.99645495623
               80.41       0.99652600229
              80.496       0.99659628711
              80.582        0.9966658188
              80.668        0.9967346057
              80.754        0.9968026564
               80.84       0.99686997971
              80.926       0.99693658464
              81.012       0.99700248043
              81.098       0.99706767651
              81.184       0.99713218254
               81.27       0.99719600834
              81.356       0.99725916394
              81.442       0.99732165955
              81.528       0.99738350555
              81.614        0.9974447125
                81.7       0.99750529112
              81.786        0.9975652523
              81.872       0.99762460706
              81.958        0.9976833666
              82.044       0.99774154224
               82.13       0.99779914545
              82.216       0.99785618782
              82.302       0.99791268107
              82.388       0.99796863705
              82.474       0.99802406769
               82.56       0.99807898507
              82.646       0.99813340135
              82.732       0.99818732878
              82.818        0.9982407797
              82.904       0.99829376656
               82.99       0.99834630186
              83.076       0.99839839817
              83.162       0.99845006815
              83.248        0.9985013245
              83.334       0.99855217998
               83.42        0.9986026474
              83.506       0.99865273961
              83.592        0.9987024695
              83.678       0.99875184997
              83.764       0.99880089397
               83.85       0.99884961446
              83.936        0.9988980244
              84.022       0.99894613677
              84.108       0.99899396453
              84.194       0.99904152066
               84.28        0.9990888181
              84.366       0.99913586978
              84.452       0.99918268861
              84.538       0.99922928747
              84.624       0.99927567918
               84.71       0.99932187654
              84.796       0.99936789229
              84.882        0.9994137391
              84.968       0.99945942959
              85.054       0.99950497631
               85.14       0.99955039173
              85.226       0.99959568822
              85.312       0.99964087809
              85.398       0.99968597352
              85.484       0.99973098663
               85.57       0.99977592938
              85.656       0.99982081364
              85.742       0.99986565117
              85.828       0.99991045362
              85.914       0.99995523266
                  86                   1
