                0.86      0.040468922785      0.056180206898
                1.72      0.080086131633       0.11103354146
                2.58       0.11805927274       0.16362163765
                3.44       0.15362563429       0.21292547389
                 4.3       0.18665456412       0.25836299816
                5.16       0.21592530866       0.29969922743
                6.02       0.24221749544       0.33460597837
                6.88       0.26491547642       0.36577016683
                7.74       0.28438693694       0.39161941137
                 8.6       0.30089769427       0.41335659128
                9.46       0.31384456268       0.43220240806
               10.32       0.32730914262        0.4463103172
               11.18       0.34044101162       0.45809358194
               12.04       0.35159320388       0.46865075074
                12.9       0.36268865644       0.47896564481
               13.76       0.37270785807       0.49097540729
               14.62       0.38570373378       0.50195402892
               15.48       0.40012173897        0.5150936577
               16.34       0.41752048204       0.52915561612
                17.2       0.43680019161       0.54446663619
               18.06        0.4575070328       0.56412051825
               18.92       0.47969739659        0.5848871359
               19.78       0.50245352112       0.60644764057
               20.64        0.5251912217       0.62913640916
                21.5       0.54737882242        0.6550061684
               22.36       0.56918453938       0.67947318162
               23.22       0.59116179129       0.70193551898
               24.08       0.61382905113       0.72312490174
               24.94       0.63436386852       0.74388350687
                25.8       0.65432354664       0.76299673024
               26.66       0.67210669787       0.77944159448
               27.52       0.68892721127       0.79425533463
               28.38       0.70399787199       0.80860467439
               29.24       0.71650828659       0.81957432379
                30.1        0.7269753016       0.82855508251
               30.96       0.73698808357        0.8386622977
               31.82       0.74669733233       0.84738740963
               32.68       0.75635531961        0.8542530271
               33.54       0.76562522668       0.86274935795
                34.4       0.77478991057       0.87052739988
               35.26       0.78347513628       0.87889742913
               36.12       0.79355661423       0.88866632219
               36.98       0.80198198182       0.89508245504
               37.84        0.8130017223       0.90170056752
                38.7        0.8246624416       0.91242447067
               39.56       0.83550341411       0.92179927905
               40.42       0.84709088561       0.92891539398
               41.28       0.85818897453       0.93772057387
               42.14        0.8685239588       0.94731073677
                  43       0.87930433297       0.95527360655
               43.86       0.88913378067       0.96305198973
               44.72        0.8978812862       0.96878707263
               45.58       0.90534084085       0.97460888785
               46.44        0.9134430867       0.98016769384
                47.3       0.91920830065       0.98354638305
               48.16       0.92301766607       0.98688834621
               49.02       0.92760993273       0.98916031365
               49.88       0.93237876384        0.9905706966
               50.74       0.93416703958       0.99225176275
                51.6       0.93510564253       0.99336478238
               52.46       0.93700589015       0.99349787776
               53.32       0.93824680823       0.99332811384
               54.18       0.93858215593       0.99342832516
               55.04       0.93906742732       0.99286866881
                55.9       0.93872456932       0.99176067275
               56.76        0.9384735529       0.99052505197
               57.62       0.93840458866       0.98827156064
               58.48       0.93854555853       0.98766733507
               59.34       0.93852063419       0.98678934261
                60.2        0.9392331456        0.9864567535
               61.06       0.94048014395       0.98620848276
               61.92        0.9420001049       0.98620675032
               62.78       0.94418093453       0.98710690009
               63.64       0.94701571802       0.98841554389
                64.5       0.94987862579       0.99005627277
               65.36       0.95310246875       0.99136695885
               66.22       0.95660512777       0.99333043877
               67.08       0.96025493103       0.99502769549
               67.94       0.96401279261        0.9971931814
                68.8        0.9678584519       0.99859887541
               69.66       0.97168450201        1.0001260107
               70.52       0.97538982521        1.0016300364
               71.38       0.97891183456         1.002934446
               72.24        0.9822020202        1.0038947956
                73.1       0.98522467447        1.0046228937
               73.96       0.98795507759        1.0053894574
               74.82       0.99037843738        1.0058566983
               75.68       0.99248985191         1.005685086
               76.54       0.99429368681        1.0060715184
                77.4       0.99580224091        1.0059500935
               78.26        0.9970336185        1.0055410803
               79.12       0.99800872822        1.0053214989
               79.98       0.99874865907        1.0046876367
               80.84       0.99927856002        1.0040362026
                81.7       0.99963019563        1.0033744072
               82.56       0.99984017115        1.0026376175
               83.42       0.99994733456        1.0019821761
               84.28       0.99998949594        1.0012989034
               85.14       0.99999941407        1.0006345142
