               0.086     0.0038572409818
               0.172     0.0077139002137
               0.258      0.011569396154
               0.344      0.015423147678
                0.43      0.019274574286
               0.516      0.023123096309
               0.602      0.026968135122
               0.688      0.030809113345
               0.774      0.034645455051
                0.86      0.038476585978
               0.946      0.042301933725
               1.032      0.046120927965
               1.118       0.04993300066
               1.204      0.053737587238
                1.29      0.057534129515
               1.376      0.061322076616
               1.462      0.065100885045
               1.548      0.068870018734
               1.634      0.072628949098
                1.72      0.076377155095
               1.806      0.080114123273
               1.892      0.083839347835
               1.978      0.087552330693
               2.064       0.09125258152
                2.15      0.094939617817
               2.236      0.098612964962
               2.322       0.10227215627
               2.408       0.10591673305
               2.494       0.10954624468
                2.58       0.11316024861
               2.666       0.11675831049
               2.752       0.12034000418
               2.838       0.12390491182
               2.924       0.12745262387
                3.01       0.13098273921
               3.096       0.13449486513
               3.182       0.13798861743
               3.268       0.14146362045
               3.354       0.14491950713
                3.44       0.14835591907
               3.526       0.15177250654
               3.612       0.15516892857
               3.698       0.15854485299
               3.784       0.16189995645
                3.87       0.16523392447
               3.956        0.1685464515
               4.042       0.17183724096
               4.128       0.17510600527
               4.214       0.17835246738
                 4.3       0.18157636374
               4.386       0.18477744498
               4.472       0.18795547575
               4.558       0.19111023455
               4.644       0.19424151364
                4.73       0.19734911886
               4.816       0.20043286954
               4.902       0.20349259831
               4.988       0.20652815099
               5.074       0.20953938643
                5.16       0.21252617644
               5.246        0.2154884063
               5.332       0.21842597513
               5.418       0.22133879581
               5.504       0.22422679477
                5.59        0.2270899118
               5.676       0.22992809988
               5.762       0.23274132497
               5.848       0.23552956583
               5.934       0.23829281383
                6.02       0.24103107276
               6.106       0.24374435861
               6.192        0.2464326999
               6.278       0.24909613927
               6.364       0.25173473405
                6.45       0.25434855591
               6.536       0.25693769061
               6.622        0.2595022377
               6.708       0.26204231018
               6.794       0.26455803423
                6.88        0.2670495489
               6.966       0.26951700578
               7.052       0.27196056881
               7.138       0.27438041407
               7.224       0.27677672964
                7.31       0.27914971523
               7.396       0.28149958191
               7.482        0.2838265518
               7.568        0.2861308578
               7.654       0.28841274321
                7.74        0.2906724615
               7.826       0.29291027595
               7.912       0.29512645938
               7.998       0.29732129379
               8.084       0.29949507017
                8.17       0.30164808825
               8.256       0.30378065627
               8.342       0.30589309058
               8.428       0.30798571539
               8.514       0.31005886241
                 8.6       0.31211287056
               8.686       0.31414808558
               8.772       0.31616485978
               8.858       0.31816355164
               8.944       0.32014452552
                9.03       0.32210815127
               9.116       0.32405480394
               9.202        0.3259848634
               9.288       0.32789871399
               9.374       0.32979674418
                9.46       0.33167934619
               9.546       0.33354691563
               9.632       0.33539985118
               9.718       0.33723855414
               9.804        0.3390634281
                9.89       0.34087487856
               9.976       0.34267331255
              10.062       0.34445913819
              10.148       0.34623276437
              10.234       0.34799460029
               10.32       0.34974505509
              10.406       0.35148453741
              10.492       0.35321345502
              10.578       0.35493221433
              10.664       0.35664122006
               10.75        0.3583408747
              10.836       0.36003157816
              10.922       0.36171372727
              11.008       0.36338771544
              11.094       0.36505393319
               11.18       0.36671276915
              11.266       0.36836461163
              11.352       0.37000984913
              11.438       0.37164886993
              11.524       0.37328206154
               11.61       0.37490981021
              11.696        0.3765325004
              11.782       0.37815051425
              11.868       0.37976423107
              11.954        0.3813740268
               12.04       0.38298027409
              12.126       0.38458334475
              12.212       0.38618361093
              12.298       0.38778144486
              12.384       0.38937721856
               12.47       0.39097130336
              12.556       0.39256406957
              12.642       0.39415588604
              12.728       0.39574711974
              12.814       0.39733813539
                12.9       0.39892929502
              12.986       0.40052095756
              13.072       0.40211347839
              13.158       0.40370720897
              13.244       0.40530249636
               13.33        0.4068996828
              13.416        0.4084991053
              13.502       0.41010109514
              13.588       0.41170597749
              13.674        0.4133140709
               13.76       0.41492568688
              13.846       0.41654112944
              13.932       0.41816069458
              14.018        0.4197846699
              14.104       0.42141333421
               14.19       0.42304695719
              14.276         0.424685799
              14.362       0.42633010979
              14.448        0.4279801292
              14.534        0.4296360859
               14.62       0.43129819708
              14.706       0.43296666792
              14.792       0.43464169109
              14.878       0.43632344625
              14.964       0.43801209951
               15.05        0.4397078043
              15.136       0.44141070597
              15.222       0.44312094344
              15.308       0.44483864892
              15.394       0.44656394772
               15.48       0.44829695791
              15.566       0.45003779006
              15.652       0.45178654695
              15.738       0.45354332334
              15.824       0.45530820558
               15.91       0.45708127142
              15.996       0.45886258964
              16.082       0.46065221982
              16.168       0.46245021198
              16.254        0.4642566063
               16.34       0.46607143282
              16.426       0.46789471112
              16.512       0.46972644999
              16.598       0.47156664715
              16.684       0.47341528887
               16.77        0.4752723497
              16.856        0.4771377921
              16.942       0.47901156613
              17.028       0.48089360973
              17.114         0.482783853
                17.2       0.48468222106
              17.286       0.48658863424
              17.372       0.48850300794
              17.458       0.49042525259
              17.544       0.49235527354
               17.63         0.494292971
              17.716       0.49623823995
              17.802       0.49819097007
              17.888       0.50015104563
              17.974       0.50211834546
               18.06       0.50409274287
              18.146       0.50607410573
              18.232       0.50806229649
              18.318       0.51005717205
              18.404       0.51205858368
               18.49       0.51406637697
              18.576       0.51608039172
              18.662       0.51810046184
              18.748       0.52012641529
              18.834       0.52215807396
               18.92       0.52419525361
              19.006       0.52623776374
              19.092       0.52828540752
              19.178       0.53033798168
              19.264       0.53239527641
               19.35       0.53445707525
              19.436         0.536523155
              19.522       0.53859328559
              19.608          0.54066723
              19.694       0.54274474413
               19.78       0.54482557666
              19.866         0.546909469
              19.952        0.5489961551
              20.038       0.55108536194
              20.124       0.55317681241
               20.21       0.55527022794
              20.296       0.55736533127
              20.382       0.55946184697
              20.468       0.56155950141
              20.554       0.56365802263
               20.64       0.56575714022
              20.726       0.56785658525
              20.812       0.56995609014
              20.898       0.57205538856
              20.984       0.57415421537
               21.07       0.57625230715
              21.156       0.57834940348
              21.242       0.58044524721
              21.328       0.58253958444
              21.414       0.58463216452
                21.5       0.58672274003
              21.586       0.58881106673
              21.672       0.59089690358
              21.758       0.59298001274
              21.844        0.5950601595
               21.93       0.59713711234
              22.016       0.59921064286
              22.102        0.6012805258
              22.188       0.60334653906
              22.274       0.60540846364
               22.36       0.60746608367
              22.446       0.60951918639
              22.532       0.61156756217
              22.618       0.61361100448
              22.704       0.61564930991
               22.79       0.61768227816
              22.876       0.61970971205
              22.962       0.62173141748
              23.048       0.62374720351
              23.134       0.62575688229
               23.22       0.62776026909
              23.306        0.6297571823
              23.392       0.63174744345
              23.478        0.6337308772
              23.564       0.63570731131
               23.65       0.63767657672
              23.736       0.63963850748
              23.822        0.6415929408
              23.908       0.64353971704
              23.994        0.6454786797
               24.08       0.64740967555
              24.166       0.64933255467
              24.252       0.65124717056
              24.338       0.65315338011
              24.424       0.65505104362
               24.51       0.65694002479
              24.596       0.65882019078
              24.682       0.66069141215
              24.768       0.66255356293
              24.854       0.66440652062
               24.94       0.66625016615
              25.026       0.66808438395
              25.112       0.66990906214
              25.198        0.6717240926
              25.284       0.67352937103
               25.37       0.67532479696
              25.456       0.67711027375
              25.542       0.67888570863
              25.628       0.68065101269
              25.714       0.68240610089
                25.8       0.68415089209
              25.886       0.68588530904
              25.972       0.68760927841
              26.058       0.68932273077
              26.144       0.69102560061
               26.23       0.69271782637
              26.316       0.69439935039
              26.402       0.69607011897
              26.488       0.69773008233
              26.574       0.69937919463
               26.66       0.70101741395
              26.746       0.70264470233
              26.832        0.7042610257
              26.918       0.70586635393
              27.004        0.7074606608
               27.09         0.709043924
              27.176       0.71061612508
              27.262       0.71217724949
              27.348       0.71372728656
              27.434       0.71526622942
               27.52       0.71679407506
              27.606       0.71831082426
              27.692        0.7198164816
              27.778       0.72131105539
              27.864       0.72279455768
               27.95       0.72426700422
              28.036       0.72572841443
              28.122       0.72717881138
              28.208       0.72861822259
              28.294       0.73004668219
               28.38       0.73146423136
              28.466       0.73287091816
              28.552       0.73426679737
              28.638       0.73565193037
              28.724       0.73702638489
               28.81       0.73839023495
              28.896       0.73974356058
              28.982       0.74108644774
              29.068       0.74241898811
              29.154       0.74374127892
               29.24       0.74505342277
              29.326       0.74635552749
              29.412       0.74764770592
              29.498       0.74893007574
              29.584       0.75020275933
               29.67       0.75146588352
              29.756       0.75271957948
              29.842       0.75396398247
              29.928        0.7551992317
              30.014       0.75642547009
                30.1       0.75764284414
              30.186       0.75885150368
              30.272       0.76005160171
              30.358       0.76124329417
              30.444       0.76242673976
               30.53       0.76360209976
              30.616       0.76476953774
              30.702       0.76592921946
              30.788       0.76708131257
              30.874       0.76822598643
               30.96       0.76936341192
              31.046       0.77049376116
              31.132       0.77161720734
              31.218       0.77273392447
              31.304       0.77384408713
               31.39       0.77494787031
              31.476       0.77604544908
              31.562       0.77713699843
              31.648       0.77822269298
              31.734       0.77930270677
               31.82       0.78037721297
              31.906       0.78144638367
              31.992        0.7825103896
              32.078       0.78356939988
              32.164       0.78462358176
               32.25       0.78567310034
              32.336       0.78671811831
              32.422       0.78775879567
              32.508       0.78879528948
              32.594       0.78982775354
               32.68        0.7908563381
              32.766       0.79188118963
              32.852       0.79290245045
              32.938       0.79392025849
              33.024       0.79493474727
               33.11       0.79594604805
              33.196       0.79695429148
              33.282       0.79795960756
              33.368       0.79896212548
              33.454       0.79996197344
               33.54       0.80095927849
              33.626       0.80195416636
              33.712       0.80294676127
              33.798       0.80393718578
              33.884       0.80492556061
               33.97       0.80591200441
              34.056       0.80689663364
              34.142       0.80787956236
              34.228       0.80886090199
              34.314       0.80984076119
                34.4       0.81081924564
              34.486        0.8117964578
              34.572       0.81277249675
              34.658       0.81374745799
              34.744       0.81472143318
               34.83       0.81569450999
              34.916       0.81666677181
              35.002       0.81763829763
              35.088        0.8186091617
              35.174        0.8195794334
               35.26       0.82054917696
              35.346       0.82151845123
              35.432       0.82248730946
              35.518       0.82345579905
              35.604       0.82442396129
               35.69       0.82539183112
              35.776       0.82635943692
              35.862       0.82732680015
              35.948       0.82829393522
              36.034       0.82926084963
               36.12       0.83022754682
              36.206       0.83119402779
              36.292       0.83216029105
              36.378       0.83312633255
              36.464       0.83409214556
               36.55       0.83505772056
              36.636       0.83602304514
              36.722       0.83698810388
              36.808       0.83795287827
              36.894       0.83891734654
               36.98       0.83988148359
              37.066       0.84084526123
              37.152       0.84180864884
              37.238       0.84277161352
              37.324       0.84373412002
               37.41       0.84469613065
              37.496       0.84565760518
              37.582       0.84661850077
              37.668       0.84757877189
              37.754        0.8485383702
               37.84        0.8494972445
              37.926        0.8504553406
              38.012       0.85141260138
              38.098       0.85236896811
              38.184       0.85332438198
               38.27       0.85427878418
              38.356       0.85523211593
              38.442        0.8561843185
              38.528       0.85713533317
              38.614       0.85808510128
                38.7       0.85903356419
              38.786       0.85998066329
              38.872       0.86092634002
              38.958       0.86187053582
              39.044       0.86281319218
               39.13        0.8637542506
              39.216        0.8646936526
              39.302        0.8656313397
              39.388       0.86656725342
              39.474       0.86750133528
               39.56       0.86843352678
              39.646       0.86936376938
              39.732       0.87029200449
              39.818        0.8712181735
              39.904       0.87214221769
               39.99       0.87306407827
              40.076       0.87398369635
              40.162       0.87490101291
              40.248       0.87581596879
              40.334       0.87672850465
               40.42       0.87763856099
              40.506       0.87854607808
              40.592       0.87945099596
              40.678       0.88035325441
              40.764       0.88125279289
               40.85       0.88214955058
              40.936       0.88304346627
              41.022       0.88393447838
              41.108        0.8848225249
              41.194       0.88570754336
               41.28       0.88658947081
              41.366       0.88746824373
              41.452       0.88834379804
              41.538       0.88921606903
              41.624       0.89008499134
               41.71       0.89095049887
              41.796       0.89181252476
              41.882       0.89267100136
              41.968       0.89352586011
              42.054       0.89437703157
               42.14       0.89522444528
              42.226       0.89606802979
              42.312        0.8969077125
              42.398       0.89774341969
              42.484        0.8985750764
               42.57       0.89940260637
              42.656       0.90022593198
              42.742        0.9010449742
              42.828       0.90185965246
              42.914       0.90266988464
                  43       0.90347558702
              43.086       0.90427667543
              43.172       0.90507306702
              43.258       0.90586468044
              43.344       0.90665143592
               43.43       0.90743325529
              43.516       0.90821006194
              43.602       0.90898178092
              43.688       0.90974833891
              43.774       0.91050966423
               43.86       0.91126568689
              43.946       0.91201633858
              44.032       0.91276155271
              44.118       0.91350126454
              44.204       0.91423541131
               44.29        0.9149639322
              44.376        0.9156867684
              44.462       0.91640386308
              44.548       0.91711516147
              44.634       0.91782061079
               44.72       0.91852016033
              44.806       0.91921376142
              44.892       0.91990136748
              44.978       0.92058293398
              45.064       0.92125841848
               45.15       0.92192778063
              45.236       0.92259098217
              45.322       0.92324798695
              45.408       0.92389876089
              45.494       0.92454327204
               45.58       0.92518149053
              45.666        0.9258133886
              45.752       0.92643894058
              45.838        0.9270581229
              45.924       0.92767091406
               46.01       0.92827729466
              46.096       0.92887724739
              46.182       0.92947075709
              46.268       0.93005781076
              46.354        0.9306383975
               46.44       0.93121250855
              46.526       0.93178013723
              46.612       0.93234127898
              46.698       0.93289593129
              46.784       0.93344409371
               46.87       0.93398576782
              46.956       0.93452095724
              47.042       0.93504966755
              47.128       0.93557190632
              47.214       0.93608768324
                47.3       0.93659701047
              47.386       0.93709990268
              47.472         0.937596377
              47.558       0.93808645298
              47.644       0.93857015249
               47.73       0.93904749974
              47.816       0.93951852115
              47.902       0.93998324532
              47.988       0.94044170297
              48.074       0.94089392688
               48.16       0.94133995182
              48.246       0.94177981447
              48.332       0.94221355338
              48.418       0.94264120889
              48.504       0.94306282306
               48.59       0.94347843957
              48.676       0.94388810369
              48.762       0.94429186218
              48.848       0.94468976322
              48.934       0.94508185631
               49.02       0.94546819223
              49.106        0.9458488229
              49.192       0.94622380136
              49.278       0.94659318161
              49.364       0.94695701859
               49.45       0.94731536806
              49.536       0.94766828648
              49.622       0.94801583097
              49.708       0.94835805915
              49.794       0.94869502912
               49.88       0.94902679928
              49.966       0.94935342828
              50.052       0.94967497488
              50.138       0.94999149788
              50.224       0.95030305597
               50.31       0.95060970765
              50.396       0.95091151111
              50.482       0.95120852411
              50.568       0.95150080385
              50.654       0.95178840688
               50.74       0.95207138893
              50.826       0.95234980485
              50.912       0.95262370844
              50.998        0.9528931523
              51.084       0.95315818778
               51.17       0.95341886474
              51.256       0.95367523151
              51.342       0.95392733469
              51.428       0.95417521902
              51.514       0.95441892727
                51.6       0.95465850005
              51.686       0.95489397569
              51.772       0.95512539007
              51.858       0.95535277648
              51.944       0.95557616547
               52.03       0.95579558506
              52.116        0.9560110631
              52.202       0.95622262884
              52.288       0.95643031299
              52.374       0.95663414772
               52.46       0.95683416661
              52.546        0.9570304047
              52.632       0.95722289837
              52.718       0.95741168541
              52.804       0.95759680496
               52.89        0.9577782975
              52.976       0.95795620481
              53.062       0.95813056999
              53.148       0.95830143738
              53.234       0.95846885259
               53.32       0.95863286244
              53.406       0.95879351495
              53.492       0.95895085932
              53.578       0.95910494589
              53.664       0.95925582611
               53.75       0.95940355255
              53.836        0.9595481788
              53.922       0.95968975952
              54.008       0.95982835034
              54.094        0.9599640079
               54.18       0.96009678984
              54.266       0.96022675542
              54.352       0.96035396577
              54.438       0.96047848385
              54.524       0.96060037437
               54.61       0.96071970372
              54.696        0.9608365399
              54.782       0.96095095248
              54.868       0.96106301247
              54.954       0.96117279231
               55.04       0.96128036575
              55.126       0.96138580783
              55.212       0.96148919474
              55.298        0.9615906038
              55.384       0.96169011337
               55.47       0.96178780277
              55.556       0.96188375221
              55.642       0.96197804272
              55.728       0.96207075606
              55.814       0.96216197466
                55.9       0.96225178152
              55.986       0.96234026015
              56.072       0.96242749449
              56.158       0.96251356883
              56.244       0.96259856772
               56.33       0.96268257588
              56.416       0.96276567817
              56.502       0.96284795944
              56.588        0.9629295045
              56.674         0.963010398
               56.76       0.96309072437
              56.846       0.96317056771
              56.932       0.96325001173
              57.018       0.96332913966
              57.104       0.96340803413
               57.19       0.96348677713
              57.276       0.96356544988
              57.362       0.96364413276
              57.448        0.9637229052
              57.534       0.96380184564
               57.62       0.96388103135
              57.706       0.96396053842
              57.792       0.96404044162
              57.878        0.9641208143
              57.964       0.96420172834
               58.05       0.96428325399
              58.136       0.96436545981
              58.222       0.96444841257
              58.308       0.96453217713
              58.394       0.96461681635
               58.48       0.96470239101
              58.566       0.96478895964
              58.652       0.96487657849
              58.738       0.96496530139
              58.824       0.96505517964
               58.91       0.96514626191
              58.996       0.96523859411
              59.082       0.96533221933
              59.168       0.96542717767
              59.254       0.96552350618
               59.34       0.96562123869
              59.426       0.96572040576
              59.512       0.96582103449
              59.598       0.96592314849
              59.684       0.96602676767
               59.77        0.9661319082
              59.856       0.96623858232
              59.942       0.96634679829
              60.028       0.96645656049
              60.114       0.96656787137
                60.2       0.96668073279
              60.286       0.96679514607
              60.372       0.96691111202
              60.458       0.96702863091
              60.544       0.96714770247
               60.63       0.96726832592
              60.716        0.9673904999
              60.802       0.96751422255
              60.888       0.96763949145
              60.974       0.96776630365
               61.06       0.96789465564
              61.146       0.96802454338
              61.232       0.96815596229
              61.318       0.96828890723
              61.404       0.96842337255
               61.49       0.96855935202
              61.576       0.96869683889
              61.662       0.96883582587
              61.748       0.96897630513
              61.834       0.96911826831
               61.92        0.9692617065
              62.006       0.96940661028
              62.092       0.96955296968
              62.178       0.96970077422
              62.264        0.9698500129
               62.35       0.97000067418
              62.436       0.97015274603
              62.522       0.97030621589
              62.608       0.97046107069
              62.694       0.97061729689
               62.78        0.9707748804
              62.866       0.97093380668
              62.952       0.97109406068
              63.038       0.97125562687
              63.124       0.97141848925
               63.21       0.97158263133
              63.296       0.97174803617
              63.382       0.97191468636
              63.468       0.97208256404
              63.554       0.97225165091
               63.64       0.97242192821
              63.726       0.97259337675
              63.812       0.97276597694
              63.898       0.97293970874
              63.984       0.97311455169
               64.07       0.97329048496
              64.156       0.97346748729
              64.242       0.97364553706
              64.328       0.97382461222
              64.414       0.97400469041
                64.5       0.97418574885
              64.586       0.97436776442
              64.672       0.97455071368
              64.758        0.9747345728
              64.844       0.97491931766
               64.93       0.97510492379
              65.016       0.97529136643
              65.102       0.97547862051
              65.188       0.97566666064
              65.274       0.97585546117
               65.36       0.97604499618
              65.446       0.97623523947
              65.532       0.97642616457
              65.618        0.9766177448
              65.704       0.97680995322
               65.79       0.97700276265
              65.876       0.97719614572
              65.962       0.97739007484
              66.048       0.97758452223
              66.134        0.9777794599
               66.22       0.97797485973
              66.306       0.97817069338
              66.392        0.9783669324
              66.478       0.97856354817
              66.564       0.97876051195
               66.65       0.97895779485
              66.736       0.97915536791
              66.822       0.97935320202
              66.908       0.97955126802
              66.994       0.97974953664
               67.08       0.97994797855
              67.166       0.98014656437
              67.252       0.98034526465
              67.338       0.98054404992
              67.424       0.98074289068
               67.51        0.9809417574
              67.596       0.98114062056
              67.682       0.98133945064
              67.768       0.98153821814
              67.854       0.98173689357
               67.94        0.9819354475
              68.026       0.98213385054
              68.112       0.98233207334
              68.198       0.98253008664
              68.284       0.98272786127
               68.37       0.98292536812
              68.456        0.9831225782
              68.542       0.98331946263
              68.628       0.98351599266
              68.714       0.98371213965
                68.8       0.98390787513
              68.886       0.98410317075
              68.972       0.98429799836
              69.058       0.98449232996
              69.144       0.98468613774
               69.23       0.98487939408
              69.316       0.98507207157
              69.402       0.98526414301
              69.488       0.98545558142
              69.574       0.98564636005
               69.66       0.98583645241
              69.746       0.98602583223
              69.832       0.98621447354
              69.918       0.98640235061
              70.004       0.98658943799
               70.09       0.98677571054
              70.176        0.9869611434
              70.262       0.98714571202
              70.348       0.98732939215
              70.434       0.98751215989
               70.52       0.98769399165
              70.606       0.98787486419
              70.692       0.98805475462
              70.778       0.98823364038
              70.864        0.9884114993
               70.95       0.98858830958
              71.036       0.98876404978
              71.122       0.98893869885
              71.208       0.98911223614
              71.294       0.98928464139
               71.38       0.98945589476
              71.466       0.98962597681
              71.552       0.98979486851
              71.638       0.98996255128
              71.724       0.99012900694
               71.81       0.99029421776
              71.896       0.99045816647
              71.982       0.99062083622
              72.068       0.99078221062
              72.154       0.99094227373
               72.24        0.9911010101
              72.326       0.99125840471
              72.412       0.99141444304
              72.498       0.99156911101
              72.584       0.99172239506
               72.67       0.99187428207
              72.756       0.99202475944
              72.842       0.99217381503
              72.928       0.99232143721
              73.014       0.99246761482
                73.1       0.99261233723
              73.186       0.99275559428
              73.272       0.99289737631
              73.358       0.99303767417
              73.444        0.9931764792
               73.53       0.99331378326
              73.616       0.99344957869
              73.702       0.99358385835
              73.788        0.9937166156
              73.874       0.99384784429
               73.96       0.99397753879
              74.046       0.99410569396
              74.132       0.99423230516
              74.218       0.99435736825
              74.304       0.99448087959
               74.39       0.99460283603
              74.476        0.9947232349
              74.562       0.99484207405
              74.648       0.99495935179
              74.734       0.99507506691
               74.82       0.99518921869
              74.906       0.99530180689
              74.992       0.99541283171
              75.078       0.99552229385
              75.164       0.99563019445
               75.25        0.9957365351
              75.336       0.99584131785
              75.422       0.99594454517
              75.508          0.99604622
              75.594       0.99614634567
               75.68       0.99624492595
              75.766       0.99634196502
              75.852       0.99643746745
              75.938       0.99653143823
              76.024        0.9966238827
               76.11        0.9967148066
              76.196       0.99680421605
              76.282       0.99689211748
              76.368       0.99697851771
              76.454       0.99706342386
               76.54       0.99714684341
              76.626        0.9972287841
              76.712       0.99730925401
              76.798        0.9973882615
              76.884       0.99746581516
               76.97        0.9975419239
              77.056       0.99761659682
              77.142       0.99768984327
              77.228       0.99776167283
              77.314       0.99783209524
                77.4       0.99790112046
              77.486       0.99796875858
              77.572       0.99803501987
              77.658       0.99809991471
              77.744       0.99816345359
               77.83       0.99822564712
              77.916       0.99828650595
              78.002       0.99834604082
              78.088       0.99840426248
              78.174        0.9984611817
               78.26       0.99851680925
              78.346       0.99857115588
              78.432       0.99862423227
              78.518       0.99867604904
              78.604       0.99872661673
               78.69       0.99877594574
              78.776       0.99882404632
              78.862       0.99887092859
              78.948       0.99891660244
              79.034       0.99896107763
               79.12       0.99900436411
              79.206       0.99904647224
              79.292       0.99908741279
              79.378       0.99912719696
              79.464       0.99916583632
               79.55       0.99920334287
              79.636       0.99923972896
              79.722       0.99927500736
              79.808       0.99930919119
              79.894       0.99934229397
               79.98       0.99937432954
              80.066       0.99940531212
              80.152       0.99943525627
              80.238       0.99946417688
              80.324       0.99949208919
               80.41       0.99951900872
              80.496       0.99954495135
              80.582        0.9995699332
              80.668       0.99959397074
              80.754       0.99961708068
               80.84       0.99963928001
              80.926       0.99966058598
              81.012       0.99968101609
              81.098       0.99970058807
              81.184       0.99971931988
               81.27       0.99973722969
              81.356       0.99975433586
              81.442       0.99977065695
              81.528       0.99978621169
              81.614       0.99980101897
                81.7       0.99981509781
              81.786        0.9998284674
              81.872         0.999841147
              81.958       0.99985315601
              82.044       0.99986451391
               82.13       0.99987524024
              82.216        0.9998853546
              82.302       0.99989487665
              82.388       0.99990382605
              82.474       0.99991222247
               82.56       0.99992008558
              82.646       0.99992743501
              82.732       0.99993429037
              82.818       0.99994067117
              82.904       0.99994659687
               82.99       0.99995208679
              83.076       0.99995716017
              83.162       0.99996183608
              83.248       0.99996613345
              83.334         0.999970071
               83.42       0.99997366728
              83.506       0.99997694059
              83.592       0.99997990899
              83.678       0.99998259027
              83.764       0.99998500195
               83.85       0.99998716121
              83.936       0.99998908491
              84.022       0.99999078953
              84.108       0.99999229119
              84.194       0.99999360558
               84.28       0.99999474797
              84.366       0.99999573316
              84.452       0.99999657547
              84.538        0.9999972887
              84.624       0.99999788612
               84.71       0.99999838044
              84.796       0.99999878377
              84.882        0.9999991076
              84.968       0.99999936276
              85.054       0.99999955942
               85.14       0.99999970704
              85.226       0.99999981433
              85.312       0.99999988925
              85.398       0.99999993895
              85.484       0.99999996976
               85.57       0.99999998715
              85.656        0.9999999957
              85.742       0.99999999906
              85.828       0.99999999992
              85.914                   1
                  86                   1
