                0.02                   0               0.068
                0.04                   0              0.1031
                0.06      0.006519047619       0.12761904762
                0.08      0.006519047619       0.15051904762
                 0.1              0.0153              0.1925
                0.12              0.0153              0.2579
                0.14      0.087687179487       0.28338717949
                0.16      0.093587179487       0.31228717949
                0.18      0.099987179487       0.33868717949
                 0.2       0.15528571429       0.39678571429
                0.22       0.20568571429       0.39698571429
                0.24       0.20568571429       0.40058571429
                0.26       0.24118358209       0.41728358209
                0.28       0.24118358209       0.41728358209
                 0.3       0.25738358209       0.42428358209
                0.32       0.26238358209       0.42428358209
                0.34       0.26688358209       0.43108358209
                0.36       0.26798358209       0.43108358209
                0.38       0.26798358209       0.44128358209
                 0.4             0.27795             0.46035
                0.42             0.27825             0.47745
                0.44             0.27825             0.50785
                0.46       0.29993414634       0.51253414634
                0.48       0.31523414634       0.51253414634
                 0.5       0.31583414634       0.51253414634
                0.52       0.31583414634       0.51853414634
                0.54       0.31583414634       0.53993414634
                0.56        0.3328826087        0.5682826087
                0.58        0.3344826087        0.5956826087
                 0.6       0.34833846154       0.61333846154
                0.62       0.37395454545       0.64335454545
                0.64       0.40236756757       0.65136756757
                0.66       0.43436756757       0.65476756757
                0.68       0.47226756757       0.65716756757
                 0.7       0.47676756757       0.65856756757
                0.72       0.47706756757       0.65856756757
                0.74       0.48336756757       0.66506756757
                0.76       0.48336756757       0.66556756757
                0.78       0.48346756757       0.71696756757
                 0.8       0.49642962963       0.73482962963
                0.82       0.51132962963       0.73482962963
                0.84       0.51552962963       0.74642962963
                0.86       0.58292765957       0.75062765957
                0.88       0.58292765957       0.75062765957
                 0.9       0.59852765957       0.75272765957
                0.92       0.59892765957       0.75272765957
                0.94       0.61704736842       0.75754736842
                0.96       0.63484736842       0.75754736842
                0.98       0.63504736842       0.75754736842
                   1       0.64064736842       0.75764736842
                1.02       0.64514736842       0.75764736842
                1.04       0.64514736842       0.75764736842
                1.06       0.64514736842       0.75854736842
                1.08       0.64664736842       0.76504736842
                 1.1       0.65004736842       0.77234736842
                1.12       0.65324736842       0.77234736842
                1.14       0.65324736842       0.77234736842
                1.16       0.65324736842       0.77234736842
                1.18       0.65324736842       0.77234736842
                 1.2       0.65324736842       0.77434736842
                1.22       0.66552222222       0.90092222222
                1.24       0.71342222222       0.90192222222
                1.26       0.76132222222       0.90192222222
                1.28       0.77162222222       0.90302222222
                 1.3       0.77362222222       0.91012222222
                1.32       0.77582222222       0.91322222222
                1.34       0.77642222222       0.91662222222
                1.36       0.79215797101       0.92745797101
                1.38       0.81255797101       0.92745797101
                 1.4       0.81275797101       0.92745797101
                1.42       0.81915797101       0.92745797101
                1.44       0.81915797101       0.92785797101
                1.46       0.82005797101       0.93265797101
                1.48       0.82285797101       0.93945797101
                 1.5       0.83299189189       0.95089189189
                1.52       0.83369189189       0.95179189189
                1.54       0.83369189189       0.96029189189
                1.56       0.83599189189       0.96029189189
                1.58       0.84497692308       0.98227692308
                 1.6        0.8548969697        0.9877969697
                1.62        0.8681969697        0.9877969697
                1.64        0.8955969697        0.9877969697
                1.66        0.9297969697        0.9877969697
                1.68        0.9348969697        0.9877969697
                 1.7        0.9362969697        0.9877969697
                1.72        0.9362969697        0.9877969697
                1.74        0.9362969697        0.9877969697
                1.76        0.9362969697        0.9877969697
                1.78        0.9362969697        0.9877969697
                 1.8        0.9362969697        0.9877969697
                1.82        0.9362969697        0.9877969697
                1.84        0.9396097561        0.9967097561
                1.86        0.9426097561        0.9967097561
                1.88        0.9450097561        0.9967097561
                 1.9        0.9452097561        0.9967097561
                1.92        0.9452097561        0.9967097561
                1.94              0.9475                   1
                1.96              0.9526                   1
                1.98              0.9594                   1
