                   0                   0
      0.054118494528      0.047619047619
      0.090866342229              0.0625
       0.12271510163       0.17948717949
       0.19322018055       0.31428571429
       0.24600863561       0.33333333333
       0.24773738172       0.34328358209
       0.38408460486             0.34375
       0.44042875918                 0.4
       0.44563386238       0.41463414634
       0.54382186688        0.4347826087
       0.58324462948       0.46153846154
        0.6065518626                 0.5
       0.61499133176       0.54545454545
       0.63366340317       0.56756756757
       0.78789946194       0.62962962963
       0.84303221146       0.70212765957
       0.93421838197       0.70394736842
        1.2170299567       0.84722222222
        1.3545384441       0.88405797101
        1.4889107828       0.89189189189
        1.5680421086       0.92307692308
        1.5929319335        0.9696969697
         1.832354417        0.9756097561
        1.9372820332                   1
                   2                   1
