                0.02               0.019
                0.04               0.102
                0.06               0.105
                0.08               0.079
                 0.1               0.081
                0.12               0.078
                0.14               0.074
                0.16               0.068
                0.18               0.059
                 0.2               0.058
                0.22               0.058
                0.24               0.055
                0.26               0.052
                0.28               0.054
                 0.3               0.054
                0.32                0.05
                0.34               0.055
                0.36               0.061
                0.38                0.05
                 0.4               0.052
                0.42               0.042
                0.44               0.047
                0.46               0.051
                0.48               0.058
                 0.5               0.051
                0.52               0.051
                0.54               0.059
                0.56               0.052
                0.58               0.048
                 0.6               0.038
                0.62               0.037
                0.64               0.038
                0.66               0.039
                0.68               0.034
                 0.7               0.045
                0.72               0.045
                0.74               0.048
                0.76               0.047
                0.78               0.049
                 0.8               0.051
                0.82               0.045
                0.84               0.036
                0.86               0.049
                0.88               0.042
                 0.9                0.05
                0.92               0.051
                0.94               0.048
                0.96               0.048
                0.98               0.052
                   1               0.047
                1.02               0.045
                1.04               0.046
                1.06               0.044
                1.08               0.046
                 1.1               0.051
                1.12               0.051
                1.14               0.047
                1.16                0.05
                1.18               0.049
                 1.2               0.051
                1.22               0.051
                1.24               0.048
                1.26               0.041
                1.28               0.036
                 1.3               0.044
                1.32                0.04
                1.34               0.044
                1.36               0.054
                1.38               0.054
                 1.4               0.052
                1.42               0.052
                1.44               0.056
                1.46               0.056
                1.48               0.059
                 1.5               0.059
                1.52               0.058
                1.54               0.065
                1.56               0.068
                1.58               0.065
                 1.6               0.071
                1.62               0.064
                1.64               0.067
                1.66               0.072
                1.68               0.068
                 1.7                0.06
                1.72               0.064
                1.74               0.069
                1.76                0.07
                1.78               0.058
                 1.8               0.067
                1.82               0.073
                1.84               0.094
                1.86               0.103
                1.88               0.114
                 1.9               0.096
                1.92               0.068
                1.94               0.022
                1.96               0.008
                1.98               0.005
