  15.1676933607    1    0    0    0
  16.4353182752    0    0    1    0
  17.5989048597    1    0    0    0
  17.9876796715    1    0    0    0
  18.3518138261    1    0    0    0
  18.4722792608    1    0    0    0
  18.5598904860    1    0    0    0
  18.6310746064    1    0    0    0
  18.6584531143    1    0    0    0
  18.6748802190    1    0    0    0
  18.6830937714    1    0    0    0
  18.7104722793    1    0    0    0
  18.8583162218    1    0    0    0
  18.8747433265    1    0    0    0
  18.9130732375    1    0    0    0
  18.9212867899    1    0    0    0
  18.9404517454    1    0    0    0
  18.9459274470    0    0    1    0
  18.9541409993    2    0    0    0
  18.9952087611    1    0    0    0
  19.0006844627    1    0    0    0
  19.0088980151    1    0    0    0
  19.0171115674    1    0    0    0
  19.0691307324    1    0    0    0
  19.1074606434    1    0    0    0
  19.1156741958    1    0    0    0
  19.1457905544    1    0    0    0
  19.1622176591    0    0    1    0
  19.1731690623    1    0    0    0
  19.2334017796    1    0    0    0
  19.2416153320    2    0    0    0
  19.2498288843    1    0    0    0
  19.2525667351    1    0    0    0
  19.2580424367    1    0    0    0
  19.3045859001    1    0    0    0
  19.3155373032    1    0    0    0
  19.3401779603    2    0    0    0
  19.3429158111    1    0    1    0
  19.3483915127    1    0    0    0
  19.3620807666    0    0    1    0
  19.3648186174    1    0    0    0
  19.3757700205    1    0    0    0
  19.3785078713    1    0    0    0
  19.3812457221    1    0    0    0
  19.3894592745    1    0    0    0
  19.3921971253    1    0    0    0
  19.3949349760    0    0    1    0
  19.4058863792    1    0    0    0
  19.4140999316    1    0    0    0
  19.4387405886    1    0    0    0
  19.4743326489    1    0    0    0
  19.4934976044    0    0    1    0
  19.4962354552    0    0    1    0
  19.5071868583    1    0    0    0
  19.5181382615    1    0    0    0
  19.5208761123    0    0    1    0
  19.5345653662    1    0    0    0
  19.5482546201    0    0    1    0
  19.5838466804    1    0    0    0
  19.6002737851    1    0    0    0
  19.6221765914    1    0    0    0
  19.6249144422    0    0    1    0
  19.6331279945    1    0    0    0
  19.6769336071    1    0    0    0
  19.6906228611    0    0    1    0
  19.7070499658    1    0    0    0
  19.7125256674    1    0    0    0
  19.7207392197    0    0    1    0
  19.7453798768    1    0    0    0
  19.7590691307    1    0    0    0
  19.7672826831    1    0    0    0
  19.7782340862    1    0    0    0
  19.7837097878    1    0    0    0
  19.7919233402    1    0    0    0
  19.8028747433    0    0    0    1
  19.8165639973    0    0    1    0
  19.8193018480    2    0    0    0
  19.8220396988    1    0    0    0
  19.8329911020    1    0    0    0
  19.8357289528    1    0    0    0
  19.8412046543    1    0    0    0
  19.8466803559    0    0    1    0
  19.8494182067    1    0    0    0
  19.8795345654    0    0    1    0
  19.8822724162    1    0    0    0
  19.8904859685    1    0    0    0
  19.9014373717    2    0    0    0
  19.9041752225    2    0    0    0
  19.9096509240    1    0    0    0
  19.9233401780    1    0    0    0
  19.9260780287    1    0    0    0
  19.9315537303    2    0    0    0
  19.9397672827    1    0    0    0
  19.9452429843    0    0    0    1
  19.9589322382    1    0    0    0
  19.9616700890    1    0    0    0
  19.9671457906    1    0    0    0
  19.9726214921    1    0    0    0
  19.9753593429    1    0    0    0
  19.9835728953    3    0    0    0
  19.9917864476    1    0    0    0
  20.0000000000    0    1    0    0
  20.0054757016    1    0    0    0
  20.0328542094    1    0    0    0
  20.0355920602    1    0    0    0
  20.0383299110    0    0    0    1
  20.0520191650    1    0    0    0
  20.0574948665    1    0    0    0
  20.0602327173    1    0    0    0
  20.0684462697    1    0    0    0
  20.0739219713    1    0    0    0
  20.0766598220    0    0    1    0
  20.0793976728    1    0    0    0
  20.0821355236    1    0    0    1
  20.0848733744    1    0    0    0
  20.0903490760    0    0    1    0
  20.1149897331    0    0    0    1
  20.1177275838    2    0    0    0
  20.1314168378    1    0    0    0
  20.1341546886    1    0    0    0
  20.1478439425    0    0    1    0
  20.1560574949    1    0    0    0
  20.1587953457    1    0    0    0
  20.1752224504    1    0    0    0
  20.1806981520    2    0    0    0
  20.1834360027    0    0    1    0
  20.1889117043    1    0    0    0
  20.1998631075    1    0    0    0
  20.2053388090    1    0    0    0
  20.2135523614    1    0    0    0
  20.2217659138    1    0    0    0
  20.2327173169    1    0    0    0
  20.2464065708    2    0    0    0
  20.2491444216    1    0    0    0
  20.2518822724    0    0    1    0
  20.2902121834    0    0    1    0
  20.2956878850    1    0    0    0
  20.3039014374    0    0    1    0
  20.3066392882    1    0    0    0
  20.3394934976    1    0    0    0
  20.3449691992    2    0    0    0
  20.3477070500    1    0    0    0
  20.3641341547    2    0    0    0
  20.3696098563    1    0    0    0
  20.3750855578    1    0    0    0
  20.3832991102    1    0    0    0
  20.4079397673    0    0    1    0
  20.4134154689    1    0    0    0
  20.4188911704    1    0    0    1
  20.4298425736    0    0    1    0
  20.4325804244    1    0    0    0
  20.4353182752    1    0    0    0
  20.4490075291    1    0    0    0
  20.4599589322    2    0    1    0
  20.4626967830    0    0    1    0
  20.4681724846    1    0    0    0
  20.4709103354    1    0    0    0
  20.4736481862    0    0    0    1
  20.4763860370    0    0    1    0
  20.4845995893    1    0    0    0
  20.4900752909    1    0    0    0
  20.4955509925    0    0    1    0
  20.4982888433    1    0    0    0
  20.5147159480    1    0    0    0
  20.5174537988    1    0    0    0
  20.5256673511    2    0    0    0
  20.5284052019    2    0    0    0
  20.5366187543    1    0    0    0
  20.5612594114    1    0    0    0
  20.5639972621    1    0    0    0
  20.5667351129    0    0    0    1
  20.5749486653    1    0    0    0
  20.5831622177    0    0    1    0
  20.5941136208    1    0    0    0
  20.5968514716    0    0    1    0
  20.6023271732    1    1    0    0
  20.6050650240    1    0    0    0
  20.6214921287    0    0    1    0
  20.6406570842    1    0    0    0
  20.6570841889    0    0    0    1
  20.6680355921    0    0    1    0
  20.6707734428    1    0    0    0
  20.6762491444    2    0    0    0
  20.6789869952    1    0    0    0
  20.6981519507    2    0    0    0
  20.7036276523    1    0    0    0
  20.7255304586    1    0    0    0
  20.7310061602    1    0    0    0
  20.7364818617    1    0    0    0
  20.7474332649    0    0    1    0
  20.7529089665    1    0    1    0
  20.7556468172    1    0    0    0
  20.7665982204    1    0    0    0
  20.7693360712    1    0    0    0
  20.7720739220    1    0    0    0
  20.7802874743    1    0    0    0
  20.8049281314    2    0    0    0
  20.8104038330    2    0    0    0
  20.8295687885    1    0    0    0
  20.8377823409    1    0    0    0
  20.8542094456    1    0    0    0
  20.8624229979    0    0    1    0
  20.8651608487    1    0    0    0
  20.8733744011    1    0    1    0
  20.8898015058    1    0    0    0
  20.8952772074    1    0    0    0
  20.8980150582    1    0    0    0
  20.9034907598    1    0    0    0
  20.9144421629    1    0    0    0
  20.9171800137    1    0    0    0
  20.9199178645    1    0    0    0
  20.9418206708    0    0    1    0
  20.9445585216    1    0    0    0
  20.9555099247    1    0    0    0
  20.9609856263    1    0    0    0
  20.9746748802    1    0    0    0
  20.9774127310    1    0    0    0
  20.9911019849    1    0    0    0
  21.0130047912    1    0    0    0
  21.0266940452    1    0    0    0
  21.0349075975    1    0    0    0
  21.0431211499    1    0    0    0
  21.0458590007    1    0    0    0
  21.0513347023    1    0    0    0
  21.0540725530    0    0    1    0
  21.0595482546    1    0    0    0
  21.0841889117    1    0    0    0
  21.0869267625    3    0    0    1
  21.0924024641    1    0    0    0
  21.0978781656    1    0    0    0
  21.1060917180    1    0    0    0
  21.1088295688    1    0    0    0
  21.1279945243    1    0    0    0
  21.1362080767    1    0    0    0
  21.1389459274    1    0    0    0
  21.1553730322    1    0    0    0
  21.1608487337    1    0    0    0
  21.1690622861    1    0    0    0
  21.1745379877    1    0    0    0
  21.1772758385    1    0    0    0
  21.1854893908    1    0    0    0
  21.1937029432    0    0    1    0
  21.2128678987    1    0    0    0
  21.2238193018    1    0    0    0
  21.2292950034    2    0    1    0
  21.2402464066    1    0    0    0
  21.2511978097    1    0    0    0
  21.2539356605    1    0    0    0
  21.2758384668    1    0    1    0
  21.2867898700    1    0    0    0
  21.2895277207    2    0    0    0
  21.2922655715    1    0    0    0
  21.2977412731    1    0    0    0
  21.3004791239    1    0    0    0
  21.3032169747    1    0    0    0
  21.3086926762    0    0    1    0
  21.3141683778    1    0    0    0
  21.3305954825    0    0    1    0
  21.3333333333    1    0    0    0
  21.3360711841    1    0    1    0
  21.3415468857    1    0    0    0
  21.3470225873    1    0    0    0
  21.3524982888    1    0    0    0
  21.3552361396    1    0    0    0
  21.3579739904    1    0    0    0
  21.3744010951    1    0    0    0
  21.3798767967    1    0    0    0
  21.4017796030    1    0    0    0
  21.4127310062    1    0    0    0
  21.4209445585    1    0    0    0
  21.4236824093    1    0    0    0
  21.4483230664    1    0    0    0
  21.4674880219    1    0    0    0
  21.4948665298    1    0    0    0
  21.5058179329    1    0    0    0
  21.5277207392    1    0    0    0
  21.5304585900    0    0    1    0
  21.5441478439    1    0    0    0
  21.5523613963    0    0    1    0
  21.5605749487    1    0    0    0
  21.5633127995    1    0    0    0
  21.5687885010    1    0    0    0
  21.5742642026    0    0    1    0
  21.5879534565    1    0    0    0
  21.6016427105    0    0    1    0
  21.6235455168    1    0    0    0
  21.6290212183    1    0    0    0
  21.6344969199    1    0    0    0
  21.6454483231    1    0    0    0
  21.6509240246    1    0    0    0
  21.6591375770    1    0    0    0
  21.6700889802    1    0    0    0
  21.6810403833    1    0    0    0
  21.6865160849    0    0    1    0
  21.6892539357    1    0    0    0
  21.6919917864    1    0    0    0
  21.6947296372    1    0    0    0
  21.6974674880    1    0    1    0
  21.7056810404    2    0    0    0
  21.7138945927    1    0    0    0
  21.7385352498    1    0    0    0
  21.7412731006    1    0    0    0
  21.7522245038    1    0    0    0
  21.7741273101    1    0    0    0
  21.7850787132    1    0    0    0
  21.7878165640    0    0    1    0
  21.7960301164    1    0    0    0
  21.7987679671    0    0    1    0
  21.8316221766    1    0    0    0
  21.8370978782    1    0    0    0
  21.8425735797    1    0    0    0
  21.8535249829    1    0    0    0
  21.8726899384    1    0    0    0
  21.8781656400    1    0    0    0
  21.9164955510    1    0    0    0
  21.9520876112    1    0    0    0
  21.9657768652    1    0    0    0
  21.9739904175    1    0    0    0
  21.9849418207    0    1    0    0
  22.0177960301    1    0    0    0
  22.0369609856    2    0    0    0
  22.0424366872    1    0    0    0
  22.0506502396    3    0    0    0
  22.0670773443    0    0    1    0
  22.0698151951    1    0    0    0
  22.0807665982    0    0    1    0
  22.0862422998    1    0    0    0
  22.0889801506    1    0    0    0
  22.1081451061    1    0    0    1
  22.1190965092    0    0    1    0
  22.1327857632    1    0    0    0
  22.1355236140    1    0    0    0
  22.1519507187    1    0    0    0
  22.1629021218    1    0    0    0
  22.1820670773    0    0    1    0
  22.1902806297    1    0    0    0
  22.1957563313    0    0    1    0
  22.2094455852    1    0    0    0
  22.2340862423    1    0    1    0
  22.2422997947    1    0    0    0
  22.2450376454    0    0    1    0
  22.2477754962    0    0    0    1
  22.2751540041    1    0    0    0
  22.2806297057    1    0    0    0
  22.3244353183    1    0    0    0
  22.3737166324    1    0    0    0
  22.3928815880    1    0    0    0
  22.4038329911    0    0    1    0
  22.4175222450    1    0    0    0
  22.4202600958    1    0    0    0
  22.4229979466    1    0    0    1
  22.4257357974    0    0    0    1
  22.4284736482    1    0    0    0
  22.4312114990    1    0    0    0
  22.4366872005    2    0    0    0
  22.4421629021    0    0    1    0
  22.4613278576    2    0    0    0
  22.4722792608    1    0    0    0
  22.4914442163    1    0    1    0
  22.4941820671    2    0    0    0
  22.5160848734    1    0    0    0
  22.5215605749    1    0    0    0
  22.5297741273    1    0    0    0
  22.5325119781    1    0    0    0
  22.5598904860    1    0    0    0
  22.5708418891    1    0    0    0
  22.5927446954    2    0    0    0
  22.6146475017    1    0    0    0
  22.6310746064    0    0    1    0
  22.6365503080    2    0    0    0
  22.6475017112    1    0    0    0
  22.6529774127    0    0    1    0
  22.6721423682    1    0    0    0
  22.7624914442    1    0    1    0
  22.7652292950    1    0    0    0
  22.7707049966    1    0    0    0
  22.7734428474    1    0    0    0
  22.7816563997    1    0    0    0
  22.8008213552    1    0    0    0
  22.8172484600    1    0    0    0
  22.8199863107    0    0    1    0
  22.8281998631    1    0    0    0
  22.8336755647    0    0    1    0
  22.8418891170    1    0    0    0
  22.9212867899    1    0    0    0
  22.9267624914    1    0    0    0
  22.9322381930    2    0    0    0
  22.9514031485    1    0    0    0
  22.9541409993    1    0    0    0
  22.9678302533    1    0    1    0
  22.9705681040    1    0    0    0
  22.9815195072    1    0    0    0
  22.9869952088    1    0    0    0
  23.0034223135    0    0    1    0
  23.0088980151    1    0    0    0
  23.0198494182    1    0    0    0
  23.0253251198    1    0    0    0
  23.0390143737    1    0    0    0
  23.0444900753    1    0    0    0
  23.0527036277    1    0    0    0
  23.0554414784    1    0    0    0
  23.0773442847    1    0    0    0
  23.0882956879    1    0    0    0
  23.1101984942    1    0    0    0
  23.1293634497    1    0    0    0
  23.1540041068    1    0    0    0
  23.1759069131    0    1    0    0
  23.1841204654    1    0    0    0
  23.1923340178    1    0    0    0
  23.2306639288    1    0    0    0
  23.2498288843    0    1    0    0
  23.2525667351    0    0    0    1
  23.2662559890    1    0    0    0
  23.2717316906    0    0    1    0
  23.2854209446    1    0    0    0
  23.2963723477    1    0    0    0
  23.3073237509    2    0    0    0
  23.3182751540    1    0    0    0
  23.3210130048    1    0    0    0
  23.3319644079    0    0    1    0
  23.3347022587    1    0    0    0
  23.3456536619    1    0    0    0
  23.3511293634    1    0    0    0
  23.3675564682    1    0    0    0
  23.3730321697    1    0    0    0
  23.3757700205    1    0    0    0
  23.3812457221    1    0    0    0
  23.4332648871    1    0    0    0
  23.4524298426    1    0    0    0
  23.4551676934    1    0    0    0
  23.4606433949    0    0    1    0
  23.4715947981    1    0    0    0
  23.4934976044    2    0    0    0
  23.5044490075    1    0    0    0
  23.5099247091    0    0    1    0
  23.5154004107    1    0    0    0
  23.5181382615    1    0    0    0
  23.5318275154    0    0    0    1
  23.5373032170    1    1    0    0
  23.5400410678    0    0    0    1
  23.5455167693    0    0    0    1
  23.5619438741    2    0    0    0
  23.5728952772    0    0    1    0
  23.5865845311    1    0    0    0
  23.5920602327    1    0    0    0
  23.5975359343    0    1    0    0
  23.6221765914    1    0    0    0
  23.6276522929    0    0    1    0
  23.6468172485    1    0    0    0
  23.6550308008    1    0    0    0
  23.6769336071    0    0    1    0
  23.6933607118    1    1    0    0
  23.7015742642    1    0    0    0
  23.7125256674    1    0    0    0
  23.7180013689    2    0    0    0
  23.7316906229    1    0    0    0
  23.7371663244    2    0    0    0
  23.7727583847    1    0    0    0
  23.7973990418    1    0    0    0
  23.8028747433    1    0    0    0
  23.8165639973    0    0    1    0
  23.8247775496    0    1    0    0
  23.8275154004    1    0    1    0
  23.8329911020    1    0    0    0
  23.8412046543    1    0    0    0
  23.8466803559    0    0    1    0
  23.8521560575    1    0    0    0
  23.8658453114    1    0    0    0
  23.9178644764    0    0    1    0
  23.9397672827    0    1    0    0
  23.9452429843    1    0    0    0
  23.9917864476    1    0    0    0
  23.9945242984    1    0    0    0
  24.0000000000    1    0    1    0
  24.0109514031    2    0    0    0
  24.0191649555    1    0    0    0
  24.0273785079    1    0    0    0
  24.0410677618    1    0    0    0
  24.0438056126    1    0    0    0
  24.0465434634    0    0    1    0
  24.0684462697    0    0    1    0
  24.0711841205    0    0    1    0
  24.0793976728    1    0    0    0
  24.0876112252    1    0    0    0
  24.0903490760    1    0    0    0
  24.0958247775    1    0    0    0
  24.1013004791    1    0    0    0
  24.1478439425    2    0    0    0
  24.1533196441    1    0    2    0
  24.1560574949    2    0    0    0
  24.1642710472    1    0    0    0
  24.1670088980    0    1    1    0
  24.1724845996    1    0    0    0
  24.1834360027    0    0    1    0
  24.2080766598    1    0    0    0
  24.2299794661    1    0    0    0
  24.2327173169    1    0    0    0
  24.2436687201    1    0    0    0
  24.2546201232    1    0    0    0
  24.2628336756    1    0    1    0
  24.2683093771    1    0    0    0
  24.2874743326    1    0    0    0
  24.2984257358    1    0    0    0
  24.3039014374    1    0    0    0
  24.3175906913    1    0    0    0
  24.3230663929    0    0    1    0
  24.3258042437    1    0    0    0
  24.3559206023    2    0    0    0
  24.3696098563    0    1    0    0
  24.3915126626    2    0    0    0
  24.3997262149    1    0    0    0
  24.4024640657    0    0    1    0
  24.4052019165    1    0    0    0
  24.4079397673    1    0    0    0
  24.4407939767    1    0    0    0
  24.4462696783    1    0    0    0
  24.4517453799    1    0    0    0
  24.4599589322    1    0    0    0
  24.4709103354    1    0    0    0
  24.5229295003    1    0    0    0
  24.5256673511    0    1    0    0
  24.5420944559    1    0    1    0
  24.5475701574    0    0    1    0
  24.5612594114    1    0    0    0
  24.5639972621    1    0    0    0
  24.5804243669    0    0    0    1
  24.6078028747    1    0    0    0
  24.6160164271    2    0    0    0
  24.6187542779    0    0    1    0
  24.6351813826    1    0    0    0
  24.6406570842    1    0    0    0
  24.6625598905    1    0    0    0
  24.6652977413    0    0    1    0
  24.6680355921    1    0    0    0
  24.6789869952    1    0    0    0
  24.6844626968    1    0    0    0
  24.7501711157    1    0    0    0
  24.7583846680    0    0    1    0
  24.7638603696    1    0    0    0
  24.7665982204    0    0    1    0
  24.7720739220    1    0    0    0
  24.7775496235    1    0    0    0
  24.7939767283    0    0    1    0
  24.8104038330    1    0    0    0
  24.8186173854    1    0    0    0
  24.8213552361    1    0    0    0
  24.8459958932    0    0    1    0
  24.8596851472    1    0    0    0
  24.8678986995    1    0    0    0
  24.8925393566    1    0    0    0
  24.9034907598    2    0    0    0
  24.9089664613    1    0    1    0
  24.9199178645    1    0    0    0
  24.9445585216    1    0    0    0
  24.9582477755    1    0    0    0
  24.9691991786    2    0    0    0
  24.9911019849    0    0    1    0
  25.0047912389    1    0    0    0
  25.0075290897    1    0    0    0
  25.0212183436    1    0    0    0
  25.0376454483    0    0    1    0
  25.0431211499    0    0    1    0
  25.0458590007    1    0    0    0
  25.0485968515    1    0    0    0
  25.0513347023    0    0    1    0
  25.0732375086    0    0    1    0
  25.0787132101    0    0    1    0
  25.0869267625    0    0    1    0
  25.0896646133    0    0    1    0
  25.0924024641    1    1    0    0
  25.0951403149    2    0    0    0
  25.1033538672    1    0    0    0
  25.1197809719    1    0    0    0
  25.1362080767    1    0    0    0
  25.1608487337    1    0    0    0
  25.1663244353    1    0    0    0
  25.1745379877    2    0    0    0
  25.2265571526    0    0    0    1
  25.2429842574    1    0    0    0
  25.2594113621    0    1    0    0
  25.2621492129    1    0    0    0
  25.2950034223    0    0    1    0
  25.3223819302    1    0    0    0
  25.3278576318    1    0    0    0
  25.3388090349    0    0    0    1
  25.3442847365    1    0    0    0
  25.4099931554    1    0    0    0
  25.4401095140    0    1    0    0
  25.4428473648    0    0    1    0
  25.4565366188    1    0    0    0
  25.4647501711    1    0    0    0
  25.4757015743    1    0    1    0
  25.4839151266    1    0    0    0
  25.4866529774    1    0    0    0
  25.4921286790    1    0    0    0
  25.5003422313    1    0    0    0
  25.5140314853    1    0    0    0
  25.5277207392    2    0    0    0
  25.5331964408    1    0    0    0
  25.5386721424    1    0    0    0
  25.5441478439    0    0    1    0
  25.5824777550    0    0    1    0
  25.5879534565    1    0    0    0
  25.5989048597    1    0    0    0
  25.6153319644    1    0    1    0
  25.6180698152    0    1    0    0
  25.6427104723    1    0    0    0
  25.6536618754    0    0    1    0
  25.6755646817    1    0    1    0
  25.6892539357    0    0    1    0
  25.6947296372    0    0    1    0
  25.7221081451    1    0    0    0
  25.7522245038    1    0    0    0
  25.7604380561    1    0    0    0
  25.7713894593    2    0    0    0
  25.7905544148    1    0    0    0
  25.8042436687    1    0    0    0
  25.8206707734    1    0    0    0
  25.8370978782    2    0    0    0
  25.8480492813    0    0    1    0
  25.8863791923    0    0    0    1
  25.9028062971    1    0    1    0
  25.9137577002    1    0    0    0
  25.9301848049    1    0    0    0
  25.9411362081    1    0    0    0
  25.9685147159    0    1    0    0
  25.9712525667    0    1    0    0
  25.9794661191    1    0    0    0
  25.9876796715    0    0    1    0
  25.9986310746    1    0    0    0
  26.0123203285    2    0    0    0
  26.0205338809    1    0    0    0
  26.0314852841    0    0    1    0
  26.0424366872    0    0    1    0
  26.0862422998    1    0    0    0
  26.1054072553    1    0    0    0
  26.1108829569    1    0    0    0
  26.1245722108    1    0    0    0
  26.1355236140    2    0    0    0
  26.1492128679    1    0    0    0
  26.1574264203    1    0    0    0
  26.1875427789    1    0    0    0
  26.1957563313    1    0    0    0
  26.2012320329    1    0    0    0
  26.2505133470    1    0    0    0
  26.2532511978    1    0    0    0
  26.2642026010    2    0    0    0
  26.2669404517    0    0    0    1
  26.2696783025    1    0    0    0
  26.2778918549    0    1    0    0
  26.2806297057    0    0    1    0
  26.3216974675    1    0    0    0
  26.3381245722    1    0    0    0
  26.3518138261    0    0    1    1
  26.3627652293    2    0    0    0
  26.3655030801    0    1    0    0
  26.3791923340    0    0    1    0
  26.4038329911    1    0    0    0
  26.4449007529    1    0    0    0
  26.4668035592    1    0    0    0
  26.4914442163    0    0    1    0
  26.4996577687    0    0    1    0
  26.5160848734    0    0    0    1
  26.5352498289    1    0    0    0
  26.5434633812    1    0    0    0
  26.5462012320    1    0    0    0
  26.5763175907    1    0    0    0
  26.5954825462    2    0    0    0
  26.6064339493    1    0    0    0
  26.6146475017    1    0    0    0
  26.6173853525    1    0    0    0
  26.6447638604    1    0    0    0
  26.6475017112    1    0    0    0
  26.6502395619    0    0    1    0
  26.6666666667    0    1    0    0
  26.6776180698    1    0    1    0
  26.6830937714    0    0    1    0
  26.7022587269    1    0    0    0
  26.7570157426    1    0    1    0
  26.7652292950    2    0    0    0
  26.8008213552    2    0    0    0
  26.8473648186    1    0    0    0
  26.8501026694    2    1    0    0
  26.8555783710    1    0    0    0
  26.8637919233    0    1    0    0
  26.8665297741    2    0    0    0
  26.8993839836    1    0    0    0
  26.9048596851    1    0    0    0
  26.9404517454    0    0    1    0
  26.9431895962    0    0    2    0
  26.9459274470    1    0    1    0
  26.9514031485    1    0    0    0
  26.9541409993    1    0    0    0
  26.9623545517    1    0    0    0
  26.9979466119    0    0    1    0
  27.0061601643    1    0    0    0
  27.0198494182    2    0    0    0
  27.0472279261    1    0    0    0
  27.0882956879    1    0    0    0
  27.0910335387    1    0    0    0
  27.1019849418    0    1    0    0
  27.1074606434    1    0    1    0
  27.1101984942    1    0    0    0
  27.1129363450    1    0    0    0
  27.1211498973    1    0    0    0
  27.1704312115    1    0    0    0
  27.1923340178    1    0    0    0
  27.2032854209    0    0    1    0
  27.2087611225    0    1    0    0
  27.2334017796    0    0    1    0
  27.2525667351    0    0    1    0
  27.2580424367    1    0    0    0
  27.2717316906    1    0    1    0
  27.3100616016    1    0    0    0
  27.3237508556    0    0    1    0
  27.3264887064    1    0    0    0
  27.3292265572    2    0    1    0
  27.3648186174    1    0    0    0
  27.3702943190    1    0    0    0
  27.3812457221    1    0    0    0
  27.3976728268    1    0    0    0
  27.4004106776    1    0    0    0
  27.4031485284    0    1    0    0
  27.4086242300    0    0    1    0
  27.4113620808    2    0    0    0
  27.4140999316    1    0    0    0
  27.4387405886    1    0    0    0
  27.4496919918    1    0    0    0
  27.4798083504    0    1    0    0
  27.4880219028    1    0    0    0
  27.4934976044    1    0    0    0
  27.4989733060    1    0    0    0
  27.5071868583    1    0    0    0
  27.5208761123    1    0    0    0
  27.5290896646    1    0    0    0
  27.5427789185    0    1    0    0
  27.5455167693    1    0    0    0
  27.5619438741    1    0    0    0
  27.5811088296    1    0    0    0
  27.5893223819    1    0    0    0
  27.5920602327    0    0    1    0
  27.5947980835    1    0    0    0
  27.6167008898    1    0    0    0
  27.6194387406    0    1    0    0
  27.6276522929    1    0    0    0
  27.6386036961    1    0    0    0
  27.6495550992    1    1    0    0
  27.6550308008    1    0    0    0
  27.6632443532    1    0    0    0
  27.6988364134    1    0    0    0
  27.7152635181    1    0    0    0
  27.7234770705    2    0    0    0
  27.7891854894    1    0    0    0
  27.8110882957    0    0    0    1
  27.8275154004    0    0    1    0
  27.8439425051    0    0    1    0
  27.8603696099    0    1    0    0
  27.8685831622    1    0    0    0
  27.8932238193    1    0    0    0
  27.8986995209    0    0    1    0
  27.9096509240    1    0    0    0
  27.9260780287    0    1    0    0
  27.9288158795    1    0    0    0
  27.9589322382    0    0    1    0
  27.9671457906    0    0    2    0
  27.9945242984    0    1    0    0
  28.0109514031    1    0    0    0
  28.0191649555    1    0    0    0
  28.0383299110    1    0    0    0
  28.0438056126    1    0    0    0
  28.0520191650    0    0    0    1
  28.0602327173    1    0    0    0
  28.0629705681    0    1    0    0
  28.0821355236    1    0    0    0
  28.1396303901    1    0    0    0
  28.1478439425    1    0    0    0
  28.1752224504    0    1    0    0
  28.1889117043    1    0    0    0
  28.1943874059    0    0    1    0
  28.2245037645    1    0    0    0
  28.2299794661    1    0    0    0
  28.2518822724    1    0    0    0
  28.2600958248    0    1    0    0
  28.2655715264    1    0    0    0
  28.2929500342    1    0    0    0
  28.2956878850    0    1    0    0
  28.2984257358    1    0    0    0
  28.3477070500    0    2    0    0
  28.3559206023    1    0    0    0
  28.3641341547    0    0    1    0
  28.3805612594    1    0    0    0
  28.3832991102    1    0    0    0
  28.3915126626    0    1    0    0
  28.4024640657    0    0    1    0
  28.4052019165    1    1    1    0
  28.4161533196    1    0    0    0
  28.4298425736    0    0    1    0
  28.4353182752    1    0    0    0
  28.4517453799    1    0    0    0
  28.4544832307    1    0    0    0
  28.4626967830    1    0    0    0
  28.4818617385    0    1    0    0
  28.4900752909    2    0    0    0
  28.4982888433    1    0    0    0
  28.5010266940    0    1    0    0
  28.5174537988    0    0    1    0
  28.5284052019    0    1    0    0
  28.5448323066    1    0    0    0
  28.5503080082    1    0    0    0
  28.5639972621    1    0    0    0
  28.5667351129    1    0    0    0
  28.5776865161    2    0    0    0
  28.5886379192    1    0    0    0
  28.5995893224    0    0    0    1
  28.6351813826    1    0    0    0
  28.6516084873    1    0    0    0
  28.6543463381    1    0    0    0
  28.6625598905    0    0    1    0
  28.6680355921    0    0    1    0
  28.6789869952    0    0    1    0
  28.7419575633    1    0    0    0
  28.7474332649    0    0    1    0
  28.7693360712    0    0    0    1
  28.7720739220    1    0    0    0
  28.7748117728    1    0    0    0
  28.7802874743    1    0    0    0
  28.7994524298    0    0    1    0
  28.8186173854    1    0    0    0
  28.8432580424    1    0    0    0
  28.8487337440    1    0    0    0
  28.8514715948    1    0    0    0
  28.8569472964    2    0    0    0
  28.8596851472    0    0    1    0
  28.8925393566    0    1    0    0
  28.9199178645    1    0    0    0
  28.9281314168    0    0    1    0
  28.9472963723    1    0    0    0
  28.9500342231    1    0    1    0
  28.9719370294    1    0    0    0
  28.9856262834    2    0    0    0
  28.9938398357    1    0    0    0
  29.0102669405    2    0    0    0
  29.0294318960    0    0    1    0
  29.0349075975    0    0    1    0
  29.0376454483    1    0    0    0
  29.0403832991    1    1    1    0
  29.0540725530    1    0    0    0
  29.0568104038    0    1    0    0
  29.0595482546    1    0    0    0
  29.0978781656    0    1    0    0
  29.1197809719    1    0    0    0
  29.1334702259    0    0    1    0
  29.1389459274    1    0    0    0
  29.1581108830    1    0    0    0
  29.1690622861    1    0    0    0
  29.1854893908    3    0    0    0
  29.1909650924    0    0    1    0
  29.2019164956    1    0    0    0
  29.2265571526    0    1    2    0
  29.2292950034    0    0    0    1
  29.2320328542    1    0    0    0
  29.2375085558    0    1    0    0
  29.2566735113    1    0    0    0
  29.2621492129    1    0    0    0
  29.2840520192    1    0    0    0
  29.3086926762    0    1    0    0
  29.3169062286    1    0    0    0
  29.3223819302    1    0    0    0
  29.3251197810    1    0    0    0
  29.3388090349    1    0    0    0
  29.3415468857    0    0    0    1
  29.3524982888    0    0    1    0
  29.3579739904    0    1    0    0
  29.3798767967    1    0    0    0
  29.3826146475    1    0    0    0
  29.3853524983    1    0    0    0
  29.3880903491    0    0    1    0
  29.3990417522    1    0    0    0
  29.4045174538    1    0    0    0
  29.4072553046    0    0    1    0
  29.4154688569    1    0    0    0
  29.4455852156    1    0    0    0
  29.4510609172    2    0    0    0
  29.4620123203    1    0    0    0
  29.4729637235    1    0    0    0
  29.5304585900    0    1    0    0
  29.5496235455    1    0    0    0
  29.5578370979    1    0    0    0
  29.5633127995    1    0    0    0
  29.5715263518    1    0    0    0
  29.5797399042    1    0    0    0
  29.5852156057    1    0    0    0
  29.6016427105    0    1    0    0
  29.6125941136    1    0    0    0
  29.6262833676    1    0    0    0
  29.6618754278    1    0    0    0
  29.6728268309    1    0    0    0
  29.6919917864    1    0    0    0
  29.7221081451    1    0    0    0
  29.7330595483    0    0    1    0
  29.7440109514    1    0    0    0
  29.7768651608    1    0    0    0
  29.7850787132    0    1    0    0
  29.8151950719    1    0    0    0
  29.8316221766    1    0    0    0
  29.8425735797    0    1    0    0
  29.8562628337    1    0    1    0
  29.9028062971    1    0    0    0
  29.9466119097    1    0    0    0
  29.9603011636    0    0    0    1
  29.9630390144    1    0    0    0
  29.9657768652    1    0    0    0
  29.9739904175    1    0    0    0
  29.9904175222    0    0    1    0
  30.0123203285    1    0    0    0
  30.0260095825    1    0    1    0
  30.0314852841    1    0    0    0
  30.0451745380    1    0    0    0
  30.0725530459    0    0    1    0
  30.0917180014    0    1    0    0
  30.0944558522    2    0    0    0
  30.1054072553    0    0    1    0
  30.1437371663    1    0    0    0
  30.1519507187    1    0    0    0
  30.2039698836    1    0    0    0
  30.2313483915    0    0    1    0
  30.2669404517    1    0    0    0
  30.3080082136    1    0    0    0
  30.3244353183    1    0    0    0
  30.3655030801    2    0    0    0
  30.3846680356    0    0    1    0
  30.3983572895    1    0    0    0
  30.4093086927    1    0    0    0
  30.4147843943    1    0    0    0
  30.4257357974    1    0    0    0
  30.4394250513    1    0    0    0
  30.4421629021    1    0    0    0
  30.4476386037    1    0    0    0
  30.4750171116    1    0    0    0
  30.5023956194    1    0    0    0
  30.5051334702    1    0    0    0
  30.5160848734    1    0    0    0
  30.5297741273    1    0    0    0
  30.5352498289    0    1    0    0
  30.5379876797    1    0    0    0
  30.5462012320    0    0    0    1
  30.5653661875    0    0    1    0
  30.6064339493    1    0    0    0
  30.6091718001    0    1    0    0
  30.6228610541    1    0    0    0
  30.6338124572    0    1    0    0
  30.6557152635    0    1    0    0
  30.6611909651    1    0    0    0
  30.6639288159    0    1    0    0
  30.6885694730    1    0    0    0
  30.6913073238    0    0    1    0
  30.7296372348    0    0    1    0
  30.7761806982    1    0    0    0
  30.7789185489    0    1    0    0
  30.7871321013    0    0    1    0
  30.7926078029    0    0    1    0
  30.8035592060    1    0    0    0
  30.8199863107    0    0    1    0
  30.8281998631    1    0    0    0
  30.8418891170    0    0    1    0
  30.8637919233    0    1    1    0
  30.8665297741    1    0    0    0
  30.8747433265    1    0    0    0
  30.8802190281    1    0    0    0
  30.9295003422    1    0    0    0
  30.9431895962    0    0    1    0
  30.9459274470    0    0    1    0
  31.0280629706    0    1    0    0
  31.0663928816    2    1    0    0
  31.0746064339    0    0    1    0
  31.0800821355    0    0    1    0
  31.1019849418    0    1    0    0
  31.1047227926    1    0    0    0
  31.1238877481    0    1    0    0
  31.1293634497    1    0    0    0
  31.1567419576    1    0    0    0
  31.1841204654    1    0    0    0
  31.1868583162    0    0    1    0
  31.1950718686    1    0    0    0
  31.1978097194    1    0    0    0
  31.2251882272    1    0    0    0
  31.2416153320    1    0    0    0
  31.2607802875    1    0    0    0
  31.2744695414    0    1    0    0
  31.3018480493    0    1    0    0
  31.3045859001    2    0    1    0
  31.3264887064    1    0    0    0
  31.3292265572    1    0    0    0
  31.3566050650    0    0    1    0
  31.3812457221    0    0    1    0
  31.3894592745    1    0    0    0
  31.4004106776    0    1    0    0
  31.4031485284    1    0    0    0
  31.4140999316    0    1    0    0
  31.4715947981    0    0    1    0
  31.4934976044    1    0    0    0
  31.5263518138    1    0    0    0
  31.5345653662    1    0    0    0
  31.5373032170    0    1    0    0
  31.5400410678    1    0    0    0
  31.5427789185    0    1    0    0
  31.5455167693    0    1    0    0
  31.5728952772    1    0    0    0
  31.5756331280    1    0    0    0
  31.5838466804    0    0    1    0
  31.6522929500    2    0    0    0
  31.6632443532    0    0    1    0
  31.6687200548    2    0    0    0
  31.6878850103    1    0    0    0
  31.7125256674    1    0    0    0
  31.7344284736    0    1    0    0
  31.7590691307    1    0    0    0
  31.7864476386    1    0    0    0
  31.7946611910    1    0    0    0
  31.7973990418    1    0    0    0
  31.8083504449    0    1    0    0
  31.8247775496    1    0    0    0
  31.8494182067    1    0    0    0
  31.9123887748    0    0    1    0
  31.9315537303    1    0    0    0
  31.9507186858    1    1    0    0
  31.9534565366    1    0    0    0
  31.9726214921    1    0    0    0
  31.9780971937    0    0    1    0
  31.9863107461    0    0    0    1
  31.9972621492    1    0    0    0
  32.0219028063    1    0    0    0
  32.0246406571    1    0    0    0
  32.0301163587    0    0    0    2
  32.0465434634    0    1    0    0
  32.0492813142    1    0    0    0
  32.0602327173    1    0    0    0
  32.0629705681    0    0    1    0
  32.0793976728    1    1    0    0
  32.0958247775    1    0    0    0
  32.1286789870    0    1    0    0
  32.1368925394    1    0    0    0
  32.1396303901    1    0    0    0
  32.1423682409    0    1    0    0
  32.1505817933    1    0    0    0
  32.1533196441    0    0    1    0
  32.1889117043    1    0    0    0
  32.1916495551    1    0    0    0
  32.1971252567    1    0    0    0
  32.2053388090    1    0    0    0
  32.2080766598    1    0    0    0
  32.2135523614    0    1    0    0
  32.2436687201    1    0    0    0
  32.2464065708    1    0    0    0
  32.2518822724    0    1    0    0
  32.2765229295    1    0    0    0
  32.2847364819    1    0    0    0
  32.2929500342    0    0    0    1
  32.2984257358    2    0    0    0
  32.3121149897    1    0    0    0
  32.3258042437    1    0    0    0
  32.3312799452    1    0    0    0
  32.3449691992    0    1    0    0
  32.3504449008    0    1    0    0
  32.3531827515    1    0    0    0
  32.3559206023    0    1    0    0
  32.3805612594    1    0    0    0
  32.3887748118    1    0    0    0
  32.3969883641    1    0    0    0
  32.4407939767    1    0    0    0
  32.4490075291    1    0    0    0
  32.4544832307    1    0    1    0
  32.4572210815    0    0    0    1
  32.5037645448    0    0    1    0
  32.5065023956    0    1    0    0
  32.5639972621    2    0    0    0
  32.5804243669    1    0    0    0
  32.5886379192    0    0    1    0
  32.6050650240    1    0    0    0
  32.6625598905    1    0    0    0
  32.6707734428    0    1    0    0
  32.6954140999    1    0    0    0
  32.7036276523    1    0    0    0
  32.7446954141    0    1    1    0
  32.7611225188    1    0    0    0
  32.8350444901    1    0    0    0
  32.8487337440    1    0    0    0
  32.8843258042    1    0    0    0
  32.9226557153    1    0    0    0
  32.9336071184    1    0    0    0
  32.9500342231    1    1    0    0
  32.9828884326    1    0    0    0
  32.9965776865    0    1    0    0
  33.0047912389    0    1    0    0
  33.0212183436    0    0    1    0
  33.0349075975    1    0    0    0
  33.0485968515    0    0    1    0
  33.0568104038    0    0    1    0
  33.0622861054    1    0    0    0
  33.0677618070    0    0    1    0
  33.0704996578    0    1    0    0
  33.0732375086    0    0    0    1
  33.0869267625    1    0    0    0
  33.1060917180    1    0    0    0
  33.1197809719    1    0    0    0
  33.1471594798    1    0    0    0
  33.1526351814    1    0    0    0
  33.1608487337    1    0    0    0
  33.2101300479    1    0    0    0
  33.2265571526    0    0    1    0
  33.2484599589    1    0    0    0
  33.2867898700    1    0    0    0
  33.2977412731    0    1    0    0
  33.3059548255    1    0    0    0
  33.3141683778    0    0    0    1
  33.3169062286    1    0    0    0
  33.3524982888    0    0    1    0
  33.3607118412    0    1    0    0
  33.3661875428    1    0    0    0
  33.3771389459    1    0    1    0
  33.3853524983    1    0    0    0
  33.3908281999    1    0    1    0
  33.3935660507    1    0    0    0
  33.4045174538    1    0    0    0
  33.4127310062    0    0    1    0
  33.4291581109    0    1    0    0
  33.4401095140    1    0    0    0
  33.4510609172    0    0    1    0
  33.4674880219    1    0    0    0
  33.4921286790    1    0    0    0
  33.5030800821    0    1    0    0
  33.5140314853    0    0    0    1
  33.5195071869    1    0    0    0
  33.5304585900    2    0    0    0
  33.5633127995    1    0    0    0
  33.5660506502    1    1    0    0
  33.5742642026    1    0    0    0
  33.5824777550    1    0    0    0
  33.5852156057    0    0    1    0
  33.6208076660    1    0    0    0
  33.6618754278    1    0    0    0
  33.6837782341    1    0    0    0
  33.7193702943    1    0    0    0
  33.7275838467    1    0    0    0
  33.7330595483    1    0    0    0
  33.7522245038    1    0    0    0
  33.7577002053    0    1    0    0
  33.7604380561    0    0    1    0
  33.7659137577    0    1    0    0
  33.7768651608    0    1    0    0
  33.7823408624    0    1    0    0
  33.7850787132    1    0    0    0
  33.7905544148    0    0    1    0
  33.7987679671    1    0    0    0
  33.8069815195    0    1    0    0
  33.8151950719    1    0    0    0
  33.8480492813    1    0    0    0
  33.8507871321    1    0    0    0
  33.8590006845    1    0    0    0
  33.8945927447    1    0    0    0
  33.9000684463    0    1    0    0
  33.9055441478    1    0    0    0
  33.9110198494    1    0    0    0
  33.9383983573    0    0    1    0
  34.0041067762    2    0    0    0
  34.0177960301    1    1    0    0
  34.0643394935    2    0    0    0
  34.0971937029    1    0    0    0
  34.0999315537    0    0    1    0
  34.1355236140    0    1    0    0
  34.1437371663    1    0    0    0
  34.1984941821    0    0    1    0
  34.2286105407    2    0    0    0
  34.2340862423    0    0    1    0
  34.2806297057    1    0    0    0
  34.3162217659    2    0    0    0
  34.3737166324    1    0    0    0
  34.3956194387    0    0    1    0
  34.4038329911    1    0    0    0
  34.4175222450    1    0    0    0
  34.4777549624    0    0    1    0
  34.4804928131    0    1    0    0
  34.4914442163    1    0    0    0
  34.5078713210    1    0    0    0
  34.5106091718    1    0    0    0
  34.5133470226    0    0    1    0
  34.5489390828    1    0    0    0
  34.5544147844    0    0    1    0
  34.5598904860    0    0    1    0
  34.5927446954    0    1    0    0
  34.6036960986    0    1    0    0
  34.6310746064    0    0    1    0
  34.6420260096    1    0    0    0
  34.6748802190    1    0    0    0
  34.6776180698    0    1    0    0
  34.6803559206    1    0    0    0
  34.6913073238    1    0    0    0
  34.6940451745    1    0    0    0
  34.6967830253    0    0    1    0
  34.7022587269    1    0    0    0
  34.7104722793    0    1    0    0
  34.7186858316    0    1    0    0
  34.8035592060    1    0    0    0
  34.8281998631    0    0    1    0
  34.8446269678    1    0    0    0
  34.8637919233    1    0    0    0
  34.9103353867    1    0    0    0
  34.9349760438    1    0    0    0
  34.9650924025    1    0    0    0
  34.9733059548    1    0    0    0
  34.9952087611    1    0    0    0
  