                   0                   0
                   1              0.1875
                   2        0.1935483871
                   4       0.30769230769
                   5       0.35897435897
                   8       0.36363636364
                   9       0.37037037037
                  17               0.475
                  20       0.59459459459
                  21               0.625
                  22       0.69642857143
                  27       0.76923076923
                  28       0.77419354839
                  30       0.77611940299
                  36       0.87777777778
                  44       0.96132596685
                  63       0.97619047619
                  70                   1
                  86                   1
