                0.86      0.040379579968      0.056891147635
                1.72      0.080083288019       0.11247194891
                2.58       0.11822139043       0.16553640281
                3.44       0.15427261547       0.21534880729
                 4.3       0.18757366984       0.26028391703
                5.16       0.21772566572       0.30150263884
                6.02       0.24315630106       0.33636869534
                6.88       0.26589611947       0.36712176923
                7.74       0.28612411704       0.39270269494
                 8.6       0.30255471303       0.41275380394
                9.46       0.31739044214       0.43092897042
               10.32       0.32976527404        0.4476216078
               11.18       0.34197685587       0.45961662803
               12.04       0.35172278649        0.4706460233
                12.9       0.36020808604       0.47985481502
               13.76       0.37129540753       0.49192007985
               14.62        0.3834860801       0.50478103771
               15.48       0.39978573304         0.516581411
               16.34       0.41643483258       0.52959131486
                17.2       0.43656465358       0.54664038687
               18.06       0.45658764056       0.56563992259
               18.92       0.48047537656        0.5863344622
               19.78       0.50363391623       0.60879220218
               20.64       0.52617307485       0.63271483428
                21.5       0.54886502545       0.65578273801
               22.36       0.57172751614       0.67982753731
               23.22       0.59320476168       0.70325083663
               24.08       0.61589099944       0.72393144663
               24.94       0.63787626491       0.74172526972
                25.8       0.65890282671       0.76059111891
               26.66       0.67726465974       0.77938944834
               27.52       0.69294272877       0.79567368827
               28.38       0.70658888811       0.80925556007
               29.24       0.71880239094       0.82203173472
                30.1       0.73014363574         0.833720221
               30.96       0.74019929453       0.84200056828
               31.82       0.74942982423       0.85043257312
               32.68       0.75759177144       0.86174026899
               33.54        0.7647959694        0.8711861887
                34.4        0.7726892407       0.87854635533
               35.26       0.78268224297       0.88644377586
               36.12       0.79176263025       0.89426321393
               36.98       0.79976808856        0.9022565085
               37.84       0.81005300866       0.91136106992
                38.7       0.82310085253       0.91818240504
               39.56        0.8332319426       0.92592506126
               40.42       0.84400795992       0.93368378155
               41.28       0.85495382812       0.94260573013
               42.14       0.86514041509       0.95075843742
                  43       0.87469947496       0.95728876455
               43.86       0.88503938415       0.96555532771
               44.72       0.89394977351       0.97257696015
               45.58       0.90280002091       0.97760739685
               46.44       0.91072330806        0.9814006962
                47.3       0.91634045187       0.98495242058
               48.16       0.92211542997       0.98857639883
               49.02       0.92609181482       0.99058861889
               49.88       0.93013438277       0.99280601488
               50.74       0.93295171039       0.99320118488
                51.6       0.93490128014       0.99315380851
               52.46       0.93706907285       0.99445115236
               53.32       0.93873032379       0.99451318319
               54.18       0.93924471738       0.99433592907
               55.04       0.93945098932       0.99338622124
                55.9       0.93891548122       0.99211537118
               56.76       0.93871590373       0.99150295596
               57.62       0.93852233176       0.99068408664
               58.48       0.93862283595       0.98917727119
               59.34       0.93882714121       0.98884271741
                60.2       0.93971228517       0.98856909403
               61.06       0.94092539841       0.98841412296
               61.92       0.94227976883       0.98900998718
               62.78       0.94454236395       0.98950034831
               63.64       0.94697998834       0.99055077513
                64.5       0.94984936676         0.991676398
               65.36       0.95310418703       0.99317502986
               66.22       0.95662384739       0.99463986574
               67.08       0.96029870834       0.99647234635
               67.94       0.96409581076       0.99826299358
                68.8        0.9679066896       0.99918340452
               69.66       0.97169982687        1.0009108296
               70.52       0.97539225915        1.0024557656
               71.38       0.97891189406        1.0033037089
               72.24        0.9822020202        1.0046266281
                73.1       0.98522467447        1.0051780529
               73.96       0.98795507759        1.0057099256
               74.82       0.99037843738        1.0061543529
               75.68       0.99248985191        1.0061879502
               76.54       0.99429368681         1.006580616
                77.4       0.99580224091        1.0063973239
               78.26        0.9970336185        1.0061197238
               79.12       0.99800872822        1.0058019134
               79.98       0.99874865907        1.0053196076
               80.84       0.99927856002        1.0045934039
                81.7       0.99963019563        1.0038129185
               82.56       0.99984017115        1.0029030894
               83.42       0.99994733456        1.0021681112
               84.28       0.99998949594        1.0014395055
               85.14       0.99999941407        1.0006945912
