               0.002       0.64689458672
               0.004        0.6521192282
               0.006       0.65730032822
               0.008       0.66243766944
                0.01       0.66753111319
               0.012       0.67258059395
               0.014        0.6775861141
               0.016       0.68254773901
               0.018        0.6874655888
                0.02       0.69233980924
               0.022         0.697170585
               0.024       0.70195815071
               0.026       0.70670278702
               0.028       0.71140481684
                0.03       0.71606460175
               0.032       0.72068253859
               0.034       0.72525905627
               0.036       0.72979461273
               0.038       0.73428969211
                0.04       0.73874480201
               0.042       0.74316047095
               0.044         0.747537246
               0.046       0.75187569046
               0.048       0.75617638179
                0.05       0.76043990995
               0.052       0.76466687596
               0.054       0.76885789022
               0.056       0.77301357089
               0.058       0.77713454237
                0.06       0.78122143386
               0.062       0.78527487802
               0.064       0.78929550972
               0.066       0.79328396485
               0.068       0.79724087924
                0.07       0.80116688765
               0.072       0.80506262278
               0.074        0.8089287144
               0.076       0.81276578857
               0.078        0.8165744669
                0.08       0.82035536589
               0.082       0.82410909625
               0.084        0.8278362623
               0.086       0.83153746141
               0.088       0.83521328346
                0.09        0.8388643104
               0.092       0.84249111578
               0.094       0.84609426437
               0.096       0.84967431177
               0.098       0.85323180419
                 0.1       0.85676727835
               0.102       0.86028126127
               0.104       0.86377427004
               0.106       0.86724681157
               0.108       0.87069938241
                0.11       0.87413246858
               0.112       0.87754654536
               0.114        0.8809420772
               0.116       0.88431951756
               0.118       0.88767930881
                0.12       0.89102188215
               0.122       0.89434765752
               0.124       0.89765704349
               0.126       0.90095043729
               0.128       0.90422822467
                0.13       0.90749077991
               0.132        0.9107384658
               0.134       0.91397163358
               0.136       0.91719062295
               0.138       0.92039576205
                0.14       0.92358736746
               0.142       0.92676574428
               0.144       0.92993118658
               0.146       0.93308397779
               0.148       0.93622439072
                0.15       0.93935268769
               0.152       0.94246912052
               0.154       0.94557393064
               0.156       0.94866734915
               0.158       0.95174959683
                0.16        0.9548208843
               0.162         0.957881412
               0.164       0.96093137031
               0.166       0.96397093966
               0.168       0.96700029106
                0.17       0.97001958656
               0.172       0.97302897928
               0.174        0.9760286135
               0.176       0.97901862474
               0.178       0.98199914004
                0.18       0.98497027863
               0.182       0.98793215213
               0.184       0.99088486465
               0.186       0.99382851287
               0.188       0.99676318628
                0.19       0.99968896769
               0.192        1.0026059335
               0.194        1.0055141539
               0.196        1.0084136929
               0.198        1.0113046085
                 0.2        1.0141869528
               0.202        1.0170607721
               0.204        1.0199261068
               0.206        1.0227829921
               0.208        1.0256314575
                0.21        1.0284715271
               0.212        1.0313032197
               0.214        1.0341265491
               0.216        1.0369415237
               0.218        1.0397481472
                0.22        1.0425464181
               0.222        1.0453363303
               0.224        1.0481178727
               0.226        1.0508910297
               0.228         1.053655781
                0.23        1.0564121022
               0.232        1.0591599655
               0.234        1.0618993407
               0.236        1.0646301948
               0.238        1.0673524927
                0.24        1.0700661962
               0.242        1.0727712652
               0.244        1.0754676569
               0.246        1.0781553263
               0.248         1.080834226
                0.25        1.0835043063
               0.252        1.0861655154
               0.254        1.0888177991
               0.256        1.0914611011
               0.258        1.0940953627
                0.26        1.0967205231
               0.262        1.0993365196
               0.264        1.1019432869
               0.266        1.1045407579
               0.268        1.1071288633
                0.27        1.1097075317
               0.272        1.1122766895
               0.274        1.1148362611
               0.276        1.1173861686
               0.278        1.1199263318
                0.28        1.1224566686
               0.282        1.1249770943
               0.284        1.1274875217
               0.286        1.1299878608
               0.288         1.132478028
                0.29        1.1349579506
               0.292        1.1374275652
               0.294        1.1398868179
               0.296        1.1423356628
               0.298        1.1447740617
                 0.3        1.1472019834
               0.302         1.149619403
               0.304        1.1520263012
               0.306        1.1544226655
               0.308        1.1568084901
                0.31         1.159183777
               0.312        1.1615485438
               0.314        1.1639028222
               0.316        1.1662466537
               0.318        1.1685800895
                0.32        1.1709031896
               0.322         1.173216022
               0.324        1.1755186627
               0.326        1.1778111945
               0.328        1.1800937069
                0.33        1.1823662954
               0.332         1.184629061
               0.334        1.1868821099
               0.336        1.1891255526
               0.338        1.1913595041
                0.34         1.193584083
               0.342        1.1957994111
               0.344        1.1980056133
               0.346        1.2002028171
               0.348        1.2023911519
                0.35        1.2045707494
               0.352        1.2067417425
               0.354        1.2089042654
               0.356        1.2110584531
               0.358        1.2132044416
                0.36        1.2153423671
               0.362        1.2174723663
               0.364        1.2195945758
               0.366         1.221709132
               0.368        1.2238161707
                0.37        1.2259158272
               0.372        1.2280082356
               0.374        1.2300935292
               0.376        1.2321718397
               0.378        1.2342432974
                0.38        1.2363080311
               0.382        1.2383661673
               0.384        1.2404178307
               0.386        1.2424631439
               0.388        1.2445022268
                0.39        1.2465351972
               0.392        1.2485621699
               0.394         1.250583257
               0.396        1.2525985677
               0.398        1.2546082081
                 0.4         1.256612281
               0.402        1.2586108861
               0.404        1.2606041195
               0.406        1.2625920737
               0.408        1.2645748376
                0.41        1.2665524965
               0.412        1.2685251393
               0.414        1.2704929128
               0.416        1.2724559906
               0.418         1.274414546
                0.42        1.2763687508
               0.422        1.2783187758
               0.424          1.28026479
               0.426        1.2822069602
               0.428        1.2841454513
                0.43        1.2860804255
               0.432        1.2880120421
               0.434        1.2899404575
               0.436        1.2918658247
               0.438        1.2937882932
                0.44        1.2957080087
               0.442        1.2976251129
               0.444         1.299539743
               0.446        1.3014520322
               0.448        1.3033621086
                0.45        1.3052700955
               0.452        1.3071761112
               0.454        1.3090802686
               0.456        1.3109826754
               0.458        1.3128834349
                0.46        1.3147826465
               0.462        1.3166804058
               0.464        1.3185768042
               0.466         1.320471929
               0.468        1.3223658633
                0.47        1.3242586857
               0.472        1.3261504707
               0.474        1.3280412882
               0.476        1.3299312034
               0.478         1.331820277
                0.48        1.3337085653
               0.482        1.3355961194
               0.484         1.337482986
               0.486        1.3393692069
               0.488        1.3412548187
                0.49        1.3431398536
               0.492        1.3450243383
               0.494        1.3469082948
               0.496        1.3487917399
               0.498        1.3506746853
                 0.5        1.3525571377
               0.502        1.3544390983
               0.504        1.3563205635
               0.506         1.358201524
               0.508        1.3600819655
                0.51        1.3619618684
               0.512        1.3638412076
               0.514        1.3657199527
               0.516        1.3675980678
               0.518        1.3694755118
                0.52        1.3713522378
               0.522        1.3732281936
               0.524        1.3751033215
               0.526        1.3769775582
               0.528        1.3788508351
                0.53        1.3807230795
               0.532        1.3825942164
               0.534        1.3844641679
               0.536        1.3863328537
               0.538        1.3882001905
                0.54        1.3900660925
               0.542        1.3919304712
               0.544        1.3937932349
               0.546        1.3956542894
               0.548        1.3975135374
                0.55        1.3993708788
               0.552        1.4012262104
               0.554        1.4030794294
               0.556        1.4049304569
               0.558        1.4067792254
                0.56        1.4086256681
               0.562        1.4104697194
               0.564        1.4123113145
               0.566        1.4141503897
               0.568        1.4159868819
                0.57        1.4178207296
               0.572        1.4196518717
               0.574        1.4214802491
               0.576        1.4233058242
               0.578        1.4251285941
                0.58        1.4269485597
               0.582        1.4287657233
               0.584        1.4305800883
               0.586        1.4323916593
               0.588        1.4342004419
                0.59        1.4360064432
               0.592        1.4378096711
               0.594        1.4396101351
               0.596        1.4414078456
               0.598        1.4432028142
                 0.6        1.4449950539
               0.602        1.4467845788
               0.604        1.4485714041
               0.606        1.4503555464
               0.608        1.4521370233
                0.61        1.4539158539
               0.612        1.4556920582
               0.614        1.4574656576
               0.616        1.4592366747
               0.618        1.4610051333
                0.62        1.4627710583
               0.622         1.464534476
               0.624        1.4662954137
               0.626        1.4680538999
               0.628        1.4698099644
                0.63        1.4715636381
               0.632         1.473314953
               0.634        1.4750639423
               0.636          1.47681064
               0.638        1.4785550817
                0.64        1.4802973036
               0.642        1.4820373431
               0.644        1.4837752386
               0.646        1.4855110293
               0.648        1.4872447554
                0.65         1.488976458
               0.652        1.4907061789
               0.654        1.4924339608
               0.656        1.4941598476
               0.658        1.4958838859
                0.66        1.4976061263
               0.662         1.499326623
               0.664        1.5010454339
               0.666        1.5027626206
               0.668         1.504478248
                0.67        1.5061923847
               0.672        1.5079051024
               0.674         1.509616476
               0.676        1.5113265837
               0.678        1.5130355065
                0.68        1.5147433284
               0.682        1.5164501359
               0.684        1.5181560182
               0.686        1.5198610672
               0.688        1.5215653765
                0.69        1.5232690424
               0.692        1.5249721626
               0.694         1.526674837
               0.696        1.5283771668
               0.698        1.5300792545
                 0.7        1.5317812039
               0.702        1.5334831196
               0.704         1.535185107
               0.706        1.5368872734
               0.708        1.5385897313
                0.71        1.5402925997
               0.712        1.5419960036
               0.714        1.5437000746
               0.716        1.5454049503
               0.718        1.5471107744
                0.72        1.5488176969
               0.722        1.5505258741
               0.724        1.5522354682
               0.726        1.5539466475
               0.728        1.5556595863
                0.73        1.5573744647
               0.732        1.5590914691
               0.734        1.5608107911
               0.736        1.5625326285
               0.738        1.5642571846
                0.74        1.5659846681
               0.742        1.5677152932
               0.744        1.5694492795
               0.746        1.5711868519
               0.748        1.5729282394
                0.75        1.5746736715
               0.752        1.5764233754
               0.754        1.5781775756
               0.756        1.5799364936
               0.758        1.5817003477
                0.76        1.5834693526
               0.762        1.5852437191
               0.764        1.5870236539
               0.766        1.5888093592
               0.768        1.5906010322
                0.77        1.5923988652
               0.772        1.5942030446
               0.774        1.5960137513
               0.776        1.5978311595
               0.778        1.5996554373
                0.78        1.6014867452
               0.782        1.6033252366
               0.784         1.605171057
               0.786        1.6070243435
               0.788        1.6088852248
                0.79        1.6107538202
               0.792        1.6126302394
               0.794        1.6145145821
               0.796        1.6164069527
               0.798        1.6183075935
                 0.8        1.6202168249
               0.802        1.6221349643
               0.804        1.6240623244
               0.806        1.6259992131
               0.808        1.6279459331
                0.81         1.629902781
               0.812        1.6318700475
               0.814        1.6338480164
               0.816        1.6358369643
               0.818        1.6378371601
                0.82        1.6398488652
               0.822        1.6418723334
               0.824        1.6439078125
               0.826        1.6459555448
               0.828        1.6480157663
                0.83        1.6500887069
               0.832        1.6521745894
               0.834         1.654273631
               0.836        1.6563860448
               0.838        1.6585120398
                0.84        1.6606518201
               0.842        1.6628055849
               0.844        1.6649735282
               0.846        1.6671558382
               0.848        1.6693526971
                0.85        1.6715642804
               0.852         1.673790757
               0.854        1.6760322885
               0.856        1.6782890286
               0.858        1.6805611231
                0.86        1.6828487091
               0.862        1.6851519147
               0.864        1.6874708584
               0.866        1.6898056489
               0.868        1.6921563849
                0.87        1.6945231575
               0.872        1.6969060507
               0.874         1.699305141
               0.876        1.7017204969
               0.878        1.7041521791
                0.88        1.7066002393
               0.882        1.7090647208
               0.884        1.7115456571
               0.886        1.7140430723
               0.888        1.7165569805
                0.89         1.719087385
               0.892        1.7216342784
               0.894        1.7241976417
               0.896        1.7267774469
               0.898        1.7293736767
                 0.9        1.7319863136
               0.902        1.7346153279
               0.904        1.7372606774
               0.906        1.7399223069
               0.908        1.7426001475
                0.91        1.7452941161
               0.912         1.748004115
               0.914        1.7507300315
               0.916        1.7534717369
               0.918        1.7562290861
                0.92        1.7590019173
               0.922        1.7617900509
               0.924        1.7645932904
               0.926         1.767411482
               0.928        1.7702445471
                0.93        1.7730923946
               0.932        1.7759549122
               0.934        1.7788319659
               0.936        1.7817233992
               0.938        1.7846290329
                0.94        1.7875486647
               0.942        1.7904820682
               0.944        1.7934289918
               0.946        1.7963891587
               0.948        1.7993623717
                0.95         1.802348805
               0.952        1.8053487123
               0.954        1.8083623372
               0.956        1.8113899123
               0.958        1.8144316591
                0.96        1.8174877872
               0.962        1.8205584961
               0.964        1.8236439786
               0.966        1.8267444218
               0.968        1.8298600065
                0.97        1.8329909069
               0.972        1.8361372906
               0.974        1.8392993182
               0.976        1.8424771433
               0.978        1.8456709116
                0.98        1.8488807613
               0.982        1.8521068224
               0.984        1.8553492167
               0.986        1.8586080571
               0.988        1.8618834476
                0.99        1.8651754829
               0.992        1.8684842595
               0.994        1.8718099395
               0.996        1.8751527057
               0.998        1.8785127302
                   1        1.8818901738
               1.002        1.8852851859
               1.004        1.8886979041
               1.006        1.8921284534
               1.008        1.8955769463
                1.01        1.8990434821
               1.012        1.9025281462
               1.014        1.9060310102
               1.016        1.9095521311
               1.018        1.9130915508
                1.02        1.9166492957
               1.022         1.920225376
               1.024        1.9238197855
               1.026        1.9274325008
               1.028        1.9310634807
                1.03        1.9347126657
               1.032        1.9383799775
               1.034        1.9420653183
               1.036          1.94576857
               1.038        1.9494895939
                1.04        1.9532282297
               1.042        1.9569842948
               1.044         1.960757584
               1.046        1.9645478683
               1.048        1.9683548944
                1.05        1.9721783836
               1.052        1.9760180315
               1.054        1.9798735068
               1.056        1.9837444505
               1.058        1.9876304752
                1.06        1.9915311641
               1.062        1.9954460697
               1.064        1.9993747258
               1.066        2.0033167896
               1.068         2.007271998
                1.07         2.011240065
               1.072        2.0152206862
               1.074        2.0192136271
               1.076        2.0232188426
               1.078        2.0272364753
                1.08        2.0312666661
               1.082        2.0353095394
               1.084         2.039365202
               1.086        2.0434337427
               1.088        2.0475152314
                1.09        2.0516097184
               1.092        2.0557172337
               1.094        2.0598377859
               1.096        2.0639713614
               1.098        2.0681179239
                 1.1        2.0722774128
               1.102        2.0764497432
               1.104         2.080634807
               1.106        2.0848324731
               1.108        2.0890425875
                1.11        2.0932650171
               1.112        2.0974998739
               1.114        2.1017473529
               1.116         2.106007637
               1.118        2.1102808965
                1.12        2.1145672883
               1.122        2.1188669552
               1.124        2.1231800255
               1.126        2.1275066119
               1.128        2.1318468112
                1.13        2.1362007032
               1.132        2.1405683502
               1.134        2.1449497961
               1.136        2.1493450654
               1.138        2.1537541626
                1.14        2.1581770712
               1.142        2.1626137528
               1.144        2.1670641459
               1.146        2.1715281653
               1.148        2.1760057008
                1.15        2.1804966163
               1.152        2.1850007485
               1.154        2.1895179059
               1.156        2.1940478676
               1.158        2.1985903822
                1.16        2.2031451662
               1.162         2.207711903
               1.164        2.2122902415
               1.166        2.2168797946
               1.168        2.2214801381
                1.17         2.226090811
               1.172        2.2307113211
               1.174        2.2353411502
               1.176        2.2399797539
               1.178         2.244626586
                1.18        2.2492811178
               1.182        2.2539427982
               1.184         2.258611049
               1.186        2.2632852633
               1.188         2.267964805
                1.19        2.2726490072
               1.192        2.2773371716
               1.194         2.282028567
               1.196        2.2867224285
               1.198        2.2914179559
                 1.2        2.2961143127
               1.202        2.3008106254
               1.204        2.3055061512
               1.206        2.3102005636
               1.208        2.3148935912
                1.21        2.3195849454
               1.212        2.3242743198
               1.214        2.3289613894
               1.216        2.3336458095
               1.218        2.3383272148
                1.22        2.3430052184
               1.222         2.347679411
               1.224        2.3523493593
               1.226        2.3570146058
               1.228        2.3616746666
                1.23        2.3663290311
               1.232        2.3709771606
               1.234        2.3756184879
               1.236        2.3802524274
               1.238        2.3848783865
                1.24        2.3894957676
               1.242        2.3941039686
               1.244        2.3987023825
               1.246        2.4032903977
               1.248        2.4078673978
                1.25        2.4124327617
               1.252         2.416985864
               1.254        2.4215260742
               1.256        2.4260527577
               1.258        2.4305652742
                1.26        2.4350629766
               1.262         2.439545211
               1.264        2.4440113165
               1.266        2.4484606254
               1.268         2.452892464
                1.27        2.4573061524
               1.272        2.4617010058
               1.274        2.4660763337
               1.276        2.4704314409
               1.278        2.4747656271
                1.28        2.4790781871
               1.282        2.4833684112
               1.284        2.4876355853
               1.286        2.4918789909
               1.288        2.4960979054
                1.29        2.5002916023
               1.292        2.5044593512
               1.294        2.5086004182
               1.296        2.5127140658
               1.298        2.5167995532
                 1.3        2.5208561364
               1.302        2.5248830684
               1.304        2.5288795992
               1.306        2.5328449761
               1.308        2.5367784437
                1.31        2.5406792442
               1.312        2.5445466172
               1.314           2.5483798
               1.316        2.5521780281
               1.318         2.555940539
                1.32        2.5596665752
               1.322        2.5633553848
               1.324        2.5670062213
               1.326        2.5706183441
               1.328        2.5741910181
                1.33        2.5777235141
               1.332        2.5812151086
               1.334         2.584665084
               1.336        2.5880727286
               1.338        2.5914373363
                1.34        2.5947582068
               1.342        2.5980346457
               1.344         2.601265977
               1.346        2.6044517292
               1.348        2.6075915975
                1.35        2.6106852985
               1.352         2.613732566
               1.354        2.6167331515
               1.356         2.619686824
               1.358        2.6225933693
                1.36        2.6254525905
               1.362        2.6282643075
               1.364        2.6310283569
               1.366        2.6337445917
               1.368        2.6364128812
                1.37        2.6390331103
               1.372        2.6416051798
               1.374        2.6441290055
               1.376        2.6466045182
               1.378        2.6490316632
                1.38        2.6514103999
               1.382        2.6537407013
               1.384        2.6560225537
               1.386        2.6582559561
               1.388        2.6604409197
                1.39        2.6625774675
               1.392        2.6646656339
               1.394        2.6667054637
               1.396        2.6686970119
               1.398        2.6706403431
                 1.4         2.672535531
               1.402        2.6743826574
               1.404         2.676181812
               1.406        2.6779330918
               1.408        2.6796366002
                1.41        2.6812924464
               1.412        2.6829007464
               1.414        2.6844618538
               1.416        2.6859766539
               1.418        2.6874461268
                1.42        2.6888712776
               1.422        2.6902531358
               1.424        2.6915927546
               1.426        2.6928912103
               1.428        2.6941496009
                1.43        2.6953690461
               1.432        2.6965506858
               1.434        2.6976956796
               1.436        2.6988052062
               1.438         2.699880462
                1.44        2.7009226607
               1.442        2.7019330325
               1.444         2.702912823
               1.446        2.7038632925
               1.448        2.7047857152
                1.45        2.7056813785
               1.452         2.706551582
               1.454        2.7073976368
               1.456        2.7082208647
               1.458        2.7090225976
                1.46        2.7098041767
               1.462        2.7105669514
               1.464        2.7113122795
               1.466        2.7120415255
               1.468        2.7127560608
                1.47        2.7134572628
               1.472        2.7141465141
               1.474        2.7148252026
               1.476        2.7154947489
               1.478        2.7161572717
                1.48        2.7168156234
               1.482        2.7174727205
               1.484        2.7181315101
               1.486        2.7187949686
               1.488        2.7194661008
                1.49        2.7201479384
               1.492        2.7208435384
               1.494        2.7215559824
               1.496        2.7222883748
               1.498        2.7230438415
                 1.5        2.7238255285
               1.502        2.7246366007
               1.504        2.7254802399
               1.506        2.7263596439
               1.508        2.7272780245
                1.51        2.7282386265
               1.512         2.729244746
               1.514         2.730299694
               1.516        2.7314067897
               1.518         2.732569359
                1.52        2.7337907326
               1.522        2.7350742436
               1.524        2.7364232258
               1.526        2.7378410116
               1.528        2.7393309294
                1.53        2.7408963019
               1.532        2.7425404436
               1.534        2.7442666725
               1.536        2.7460783322
               1.538        2.7479787956
                1.54         2.749971464
               1.542        2.7520597669
               1.544        2.7542471609
               1.546        2.7565371291
               1.548        2.7589331804
                1.55        2.7614388487
               1.552        2.7640576916
               1.554        2.7667932903
               1.556        2.7696492477
               1.558        2.7726291887
                1.56        2.7757367659
               1.562        2.7789756701
               1.564        2.7823496316
               1.566          2.78586242
               1.568        2.7895178441
                1.57        2.7933197514
               1.572        2.7972720288
               1.574        2.8013786013
               1.576        2.8056434325
               1.578        2.8100705243
                1.58        2.8146639163
               1.582        2.8194276857
               1.584        2.8243659471
               1.586         2.829482852
               1.588        2.8347825884
                1.59        2.8402693804
               1.592         2.845947488
               1.594        2.8518212061
               1.596        2.8578948645
               1.598        2.8641728271
                 1.6        2.8706594912
               1.602        2.8773592869
               1.604        2.8842766766
               1.606         2.891416154
               1.608        2.8987822432
                1.61         2.906379498
               1.612        2.9142125009
               1.614        2.9222858621
               1.616        2.9306042183
               1.618        2.9391722316
                1.62        2.9479945882
               1.622         2.957075997
               1.624        2.9664211885
               1.626        2.9760349126
               1.628        2.9859219377
                1.63        2.9960870484
               1.632        3.0065350438
               1.634        3.0172707354
               1.636        3.0282989454
               1.638        3.0396245037
                1.64        3.0512522461
               1.642        3.0631870114
               1.644        3.0754336388
               1.646         3.087996965
               1.648        3.1008818208
                1.65        3.1140930282
               1.652        3.1276353968
               1.654          3.14151372
               1.656        3.1557327708
               1.658        3.1702972984
                1.66        3.1852120238
               1.662        3.2004816547
               1.664        3.2161109083
               1.666        3.2321045142
               1.668        3.2484672131
                1.67        3.2652037558
               1.672        3.2823189024
               1.674        3.2998174208
               1.676        3.3177040862
               1.678        3.3359836799
                1.68        3.3546609883
               1.682        3.3737408021
               1.684        3.3932279183
               1.686        3.4131271531
               1.688        3.4334433485
                1.69        3.4541813731
               1.692        3.4753461229
               1.694        3.4969425217
               1.696        3.5189755226
               1.698        3.5414501091
                 1.7        3.5643712963
               1.702        3.5877441333
               1.704        3.6115737047
               1.706        3.6358651337
               1.708        3.6606235842
                1.71        3.6858542648
               1.712        3.7115624318
               1.714        3.7377533937
               1.716        3.7644325157
               1.718        3.7916052252
                1.72        3.8192770171
               1.722        3.8474534608
               1.724        3.8761402072
               1.726        3.9053429963
               1.728        3.9350676669
                1.73        3.9653201652
               1.732        3.9961065566
               1.734        4.0274330364
               1.736        4.0593059437
               1.738        4.0917317747
                1.74        4.1247171988
               1.742        4.1582690753
               1.744        4.1923944717
               1.746        4.2271006843
               1.748        4.2623952599
                1.75        4.2982860199
               1.752        4.3347810865
               1.754        4.3718889107
               1.756        4.4096183039
               1.758        4.4479784707
                1.76        4.4869790458
               1.762        4.5266301333
               1.764        4.5669423519
               1.766        4.6079269009
               1.768        4.6495956264
                1.77        4.6919610804
               1.772        4.7350365821
               1.774        4.7788362834
               1.776         4.823374583
               1.778        4.8686650094
                1.78        4.9147213002
               1.782        4.9615576334
               1.784        5.0091886543
               1.786        5.0576295039
               1.788        5.1068958501
                1.79        5.1570039207
               1.792        5.2079705395
               1.794        5.2598131646
               1.796        5.3125499304
               1.798        5.3661996922
                 1.8        5.4207820684
               1.802        5.4763168544
               1.804        5.5328233472
               1.806         5.590321259
               1.808        5.6488308588
                1.81        5.7083729982
               1.812        5.7689691389
               1.814        5.8306413825
               1.816        5.8934125015
               1.818        5.9573059735
                1.82        6.0223460174
               1.822        6.0885576322
               1.824        6.1559666485
               1.826        6.2245998148
               1.828        6.2944848713
                1.83         6.365650614
               1.832        6.4381269921
               1.834        6.5119452575
               1.836        6.5871380734
               1.838        6.6637396144
                1.84        6.7417856755
               1.842        6.8213137898
               1.844        6.9023633572
               1.846        6.9849757843
               1.848        7.0691946363
                1.85        7.1550658031
               1.852        7.2426376806
               1.854        7.3319613679
               1.856        7.4230908834
               1.858        7.5160834005
                1.86        7.6109995063
               1.862        7.7079034841
               1.864        7.8068636235
               1.866        7.9079525607
               1.868        8.0112476522
                1.87        8.1168313856
               1.872         8.224791832
               1.874        8.3352231444
               1.876        8.4482261074
               1.878        8.5639087444
                1.88        8.6823869896
               1.882        8.8037854313
               1.884        8.9282381371
               1.886        9.0558895695
               1.888        9.1868956046
                1.89        9.3214246664
               1.892         9.459658993
               1.894        9.6017960505
               1.896         9.748050117
               1.898        9.8986540581
                 1.9        10.053861323
               1.902        10.213948117
               1.904        10.379208322
               1.906        10.549947584
               1.908        10.726496402
                1.91        10.909214418
               1.912        11.098493733
               1.914        11.294762687
               1.916        11.498490169
               1.918        11.710190577
                1.92        11.930429502
               1.922        12.159830303
               1.924        12.399081714
               1.926        12.648946683
               1.928         12.91027269
                1.93        13.184003834
               1.932        13.471195051
               1.934        13.773028917
               1.936        14.090835611
               1.938        14.426116731
                1.94        14.780573887
               1.942        15.156143198
               1.944        15.555037196
               1.946        15.979796034
               1.948        16.433350518
                1.95        16.919100266
               1.952        17.441011412
               1.954        18.003739794
               1.956        18.612787755
               1.958         19.27470573
                1.96        19.997354326
               1.962        20.790249159
               1.964        21.665020649
               1.966        22.636036092
               1.968        23.721255021
                1.97        24.943426711
               1.972        26.331800914
               1.974        27.924628162
               1.976        29.772910241
               1.978        31.946196381
                1.98        34.541857169
               1.982        37.700541092
               1.984        41.633223496
               1.986        46.671440386
               1.988        53.367756058
                1.99        62.716791899
               1.992        76.707798449
               1.994        99.982371624
               1.996         146.4653177
               1.998        285.78070833
                   2                 inf
