
               0.002     0.0015461281173
               0.004     0.0030923213293
               0.006     0.0046386446665
               0.008     0.0061851630306
                0.01       0.00773194113
               0.012     0.0092790434158
               0.014      0.010826534017
               0.016      0.012374476675
               0.018      0.013922934682
                0.02      0.015471970813
               0.022      0.017021647261
               0.024      0.018572025577
               0.026      0.020123166598
               0.028      0.021675130387
                0.03      0.023227976166
               0.032      0.024781762249
               0.034      0.026336545979
               0.036      0.027892383663
               0.038      0.029449330501
                0.04      0.031007440525
               0.042       0.03256676653
               0.044       0.03412736001
               0.046      0.035689271086
               0.048      0.037252548476
                0.05      0.038817239885
               0.052      0.040383392509
               0.054      0.041951053061
               0.056      0.043520267725
               0.058      0.045091082124
                0.06      0.046663541267
               0.062      0.048237689519
               0.064       0.04981357055
               0.066      0.051391227302
               0.068      0.052970701941
                0.07      0.054552035817
               0.072      0.056135269425
               0.074      0.057720442362
               0.076       0.05930759333
               0.078      0.060896760161
                0.08      0.062487979797
               0.082      0.064081288247
               0.084      0.065676720547
               0.086      0.067274310722
               0.088      0.068874091746
                0.09      0.070476095499
               0.092      0.072080352731
               0.094      0.073686893019
               0.096       0.07529574473
               0.098      0.076906935068
                 0.1      0.078520490281
               0.102       0.08013643568
               0.104      0.081754795592
               0.106      0.083375593307
               0.108      0.084998851025
                0.11      0.086624589808
               0.112      0.088252829522
               0.114      0.089883588792
               0.116      0.091516884943
               0.118       0.09315273395
                0.12      0.094791150387
               0.122      0.096432147369
               0.124      0.098075736503
               0.126      0.099721927834
               0.128       0.10137072979
                0.13       0.10302214911
               0.132       0.10467619085
               0.134       0.10633285823
               0.136       0.10799215267
               0.138       0.10965407369
                0.14       0.11131861885
               0.142        0.1129857838
               0.144       0.11465556261
               0.146       0.11632794807
               0.148       0.11800293169
                0.15       0.11968050361
               0.152       0.12136065259
               0.154       0.12304336596
               0.156        0.1247286296
               0.158        0.1264164279
                0.16        0.1281067437
               0.162       0.12979955826
               0.164       0.13149485124
               0.166       0.13319260069
               0.168       0.13489278344
                0.17       0.13659537541
               0.172       0.13830035148
               0.174       0.14000768551
               0.176       0.14171735022
               0.178       0.14342931743
                0.18       0.14514355843
               0.182       0.14686004407
               0.184       0.14857874475
               0.186       0.15029963033
               0.188       0.15202267019
                0.19        0.1537478336
               0.192       0.15547508983
               0.194       0.15720440809
               0.196       0.15893575753
               0.198       0.16066910725
                 0.2        0.1624044262
               0.202       0.16414168322
               0.204       0.16588084697
               0.206       0.16762188593
               0.208       0.16936476836
                0.21        0.1711094623
               0.212       0.17285593551
               0.214       0.17460415546
               0.216       0.17635408931
               0.218       0.17810570388
                0.22       0.17985896563
               0.222       0.18161384062
               0.224       0.18337029449
               0.226       0.18512829244
               0.228       0.18688779922
                0.23       0.18864877929
               0.232       0.19041119766
               0.234        0.1921750201
               0.236        0.1939402131
               0.238       0.19570674383
                0.24       0.19747458005
               0.242       0.19924369009
               0.244       0.20101404275
               0.246       0.20278560729
               0.248       0.20455835333
                0.25       0.20633225081
               0.252       0.20810726995
               0.254       0.20988338118
               0.256       0.21166055506
               0.258       0.21343876227
                0.26       0.21521797351
               0.262       0.21699815948
               0.264       0.21877929084
               0.266       0.22056133819
               0.268       0.22234427198
                0.27       0.22412806249
               0.272       0.22591267976
               0.274       0.22769809352
               0.276       0.22948427315
               0.278       0.23127118762
                0.28       0.23305880541
               0.282       0.23484709451
               0.284       0.23663602227
               0.286       0.23842555545
               0.288       0.24021566008
                0.29       0.24200630144
               0.292         0.243797444
               0.294       0.24558905134
               0.296       0.24738108613
               0.298       0.24917351005
                 0.3       0.25096628372
               0.302       0.25275936668
               0.304       0.25455271737
               0.306       0.25634629388
               0.308       0.25814005468
                0.31       0.25993395865
               0.312       0.26172796506
               0.314       0.26352203356
               0.316       0.26531612418
               0.318       0.26711019726
                0.32       0.26890421349
               0.322       0.27069813386
               0.324       0.27249191966
               0.326       0.27428553246
               0.328       0.27607893408
                0.33       0.27787208658
               0.332       0.27966495227
               0.334       0.28145749365
               0.336       0.28324967344
               0.338       0.28504145452
                0.34       0.28683279994
               0.342       0.28862367292
               0.344       0.29041403678
               0.346       0.29220385499
               0.348       0.29399309111
                0.35        0.2957817088
               0.352       0.29756967177
               0.354       0.29935694382
               0.356       0.30114348879
               0.358       0.30292927063
                0.36       0.30471425341
               0.362       0.30649840136
               0.364       0.30828167877
               0.366       0.31006405006
               0.368       0.31184547971
                0.37       0.31362593229
               0.372       0.31540537242
               0.374       0.31718376476
               0.376       0.31896107402
               0.378       0.32073726492
                0.38       0.32251230219
               0.382       0.32428615056
               0.384       0.32605877474
               0.386       0.32783013942
               0.388       0.32960020924
                0.39       0.33136894879
               0.392       0.33313632259
               0.394       0.33490229508
               0.396       0.33666683061
               0.398       0.33842989341
                 0.4       0.34019144761
               0.402       0.34195145718
               0.404       0.34370988597
               0.406       0.34546669764
               0.408       0.34722185569
                0.41       0.34897532342
               0.412       0.35072706393
               0.414        0.3524770401
               0.416       0.35422521457
               0.418       0.35597154972
                0.42       0.35771600767
               0.422       0.35945855028
               0.424       0.36119913906
               0.426       0.36293773525
               0.428       0.36467429973
                0.43       0.36640879305
               0.432       0.36814117538
               0.434       0.36987140651
               0.436       0.37159944584
               0.438       0.37332525231
                0.44       0.37504878448
               0.442        0.3767700004
               0.444       0.37848885767
               0.446       0.38020531338
               0.448       0.38191932412
                0.45       0.38363084593
               0.452       0.38533983429
               0.454        0.3870462441
               0.456        0.3887500298
               0.458       0.39045114583
                0.46       0.39214954692
               0.462       0.39384518807
               0.464       0.39553802457
               0.466       0.39722801199
               0.468       0.39891510618
                0.47       0.40059926325
               0.472       0.40228043959
               0.474       0.40395859187
               0.476       0.40563367702
               0.478       0.40730565223
                0.48       0.40897447497
               0.482       0.41064010293
               0.484       0.41230249409
               0.486       0.41396160667
               0.488       0.41561739913
                0.49       0.41726983015
               0.492       0.41891885868
               0.494       0.42056444389
               0.496       0.42220654514
               0.498       0.42384512204
                 0.5        0.4254801344
               0.502       0.42711154222
               0.504       0.42873930572
               0.506       0.43036338527
               0.508       0.43198374144
                0.51       0.43360033497
               0.512       0.43521312676
               0.514       0.43682207783
               0.516       0.43842714938
               0.518       0.44002830272
                0.52       0.44162549926
               0.522       0.44321870055
               0.524       0.44480786821
               0.526       0.44639296395
               0.528       0.44797394962
                0.53       0.44955078783
               0.532       0.45112344243
               0.534       0.45269187841
               0.536       0.45425606197
               0.538       0.45581596037
                0.54       0.45737154198
               0.542       0.45892277614
               0.544       0.46046963321
               0.546       0.46201208446
               0.548       0.46355010202
                0.55       0.46508365891
               0.552       0.46661272889
               0.554       0.46813728665
               0.556       0.46965730854
               0.558       0.47117277298
                0.56       0.47268366049
               0.562        0.4741899536
               0.564       0.47569163683
               0.566       0.47718869666
               0.568       0.47868112148
                0.57       0.48016890156
               0.572         0.481652029
               0.574       0.48313049771
               0.576       0.48460430334
               0.578       0.48607344328
                0.58        0.4875379166
               0.582       0.48899772399
               0.584       0.49045286776
               0.586       0.49190335179
               0.588       0.49334918146
                0.59       0.49479036366
               0.592       0.49622690671
               0.594       0.49765882034
               0.596       0.49908611563
               0.598       0.50050880499
                 0.6       0.50192690213
               0.602       0.50334042198
               0.604       0.50474938067
               0.606        0.5061537955
               0.608       0.50755368489
                0.61       0.50894906833
               0.612       0.51033996633
               0.614       0.51172640043
               0.616       0.51310839308
               0.618       0.51448596765
                0.62       0.51585914837
               0.622       0.51722796031
               0.624       0.51859242929
               0.626       0.51995258188
               0.628       0.52130844531
                0.63        0.5226600475
               0.632       0.52400741691
               0.634       0.52535058261
               0.636       0.52668957413
               0.638       0.52802442148
                0.64       0.52935515509
               0.642       0.53068180575
               0.644       0.53200440456
               0.646       0.53332298291
               0.648        0.5346375724
                0.65       0.53594820481
               0.652       0.53725491205
               0.654       0.53855772611
               0.656       0.53985667918
               0.658       0.54115180411
                0.66       0.54244313463
               0.662       0.54373070531
               0.664       0.54501455151
               0.666       0.54629470927
               0.668       0.54757121527
                0.67       0.54884410673
               0.672        0.5501134214
               0.674       0.55137919739
               0.676       0.55264147322
               0.678       0.55390028762
                0.68       0.55515567958
               0.682       0.55640768817
               0.684       0.55765635256
               0.686       0.55890171188
               0.688       0.56014380517
                0.69       0.56138267132
               0.692       0.56261834898
               0.694       0.56385087647
               0.696       0.56508029175
               0.698        0.5663066323
                 0.7       0.56752993507
               0.702       0.56875023638
               0.704       0.56996757189
               0.706        0.5711819769
               0.708       0.57239348729
                0.71       0.57360213976
               0.712       0.57480797176
               0.714       0.57601102148
               0.716       0.57721132782
               0.718        0.5784089303
                0.72       0.57960386908
               0.722        0.5807961849
               0.724       0.58198591902
               0.726       0.58317311321
               0.728       0.58435780971
                0.73       0.58554005115
               0.732       0.58671988057
               0.734       0.58789734136
               0.736       0.58907247717
               0.738       0.59024533195
                0.74       0.59141594985
               0.742       0.59258437523
               0.744       0.59375065255
               0.746       0.59491482641
               0.748       0.59607694142
                0.75       0.59723704227
               0.752       0.59839517356
               0.754       0.59955137987
               0.756       0.60070570565
               0.758        0.6018581952
                0.76       0.60300889263
               0.762       0.60415784181
               0.764       0.60530508633
               0.766       0.60645066946
               0.768       0.60759463409
                0.77       0.60873702269
               0.772        0.6098778773
               0.774       0.61101723944
               0.776       0.61215515006
               0.778       0.61329164956
                0.78       0.61442677766
               0.782       0.61556057341
               0.784       0.61669307511
               0.786       0.61782432031
               0.788        0.6189543457
                0.79        0.6200831871
               0.792        0.6212108794
               0.794       0.62233745651
               0.796       0.62346295133
               0.798        0.6245873957
                 0.8       0.62571082045
               0.802       0.62683325543
               0.804       0.62795472948
               0.806       0.62907527032
               0.808       0.63019490456
                0.81       0.63131365755
               0.812       0.63243155344
               0.814         0.633548615
               0.816       0.63466486366
               0.818       0.63578031939
                0.82       0.63689500077
               0.822       0.63800892513
               0.824       0.63912210888
               0.826       0.64023456761
               0.828       0.64134631611
                0.83       0.64245736829
               0.832       0.64356773713
               0.834       0.64467743502
               0.836        0.6457864741
               0.838       0.64689486629
                0.84       0.64800262321
               0.842       0.64910975617
               0.844       0.65021627615
               0.846       0.65132219371
               0.848       0.65242751902
                0.85       0.65353226178
               0.852       0.65463643119
               0.854       0.65574003591
               0.856       0.65684308405
               0.858       0.65794558309
                0.86       0.65904753987
               0.862       0.66014896054
               0.864       0.66124985053
               0.866       0.66235021452
               0.868        0.6634500565
                0.87        0.6645493803
               0.872        0.6656481897
               0.874       0.66674648843
               0.876       0.66784428016
               0.878       0.66894156846
                0.88       0.67003835681
               0.882       0.67113464853
               0.884       0.67223044682
               0.886       0.67332575469
               0.888       0.67442057497
                0.89       0.67551491027
               0.892       0.67660876297
               0.894       0.67770213519
               0.896       0.67879502877
               0.898       0.67988744527
                 0.9       0.68097938591
               0.902       0.68207085158
               0.904       0.68316184279
               0.906       0.68425235969
               0.908       0.68534240199
                0.91       0.68643196899
               0.912       0.68752105952
               0.914       0.68860967194
               0.916       0.68969780412
               0.918       0.69078545336
                0.92       0.69187261646
               0.922       0.69295928961
               0.924       0.69404546842
               0.926       0.69513114787
               0.928       0.69621632228
                0.93       0.69730098532
               0.932       0.69838512994
               0.934       0.69946874836
               0.936       0.70055183213
               0.938        0.7016343721
                0.94       0.70271635847
               0.942       0.70379778075
               0.944        0.7048786277
               0.946       0.70595888737
               0.948       0.70703854699
                0.95       0.70811759302
               0.952       0.70919601111
               0.954       0.71027378602
               0.956       0.71135090167
               0.958       0.71242734105
                0.96       0.71350308625
               0.962       0.71457811875
               0.964       0.71565242003
               0.966       0.71672597171
               0.968       0.71779875557
                0.97       0.71887075347
               0.972       0.71994194746
               0.974       0.72101231967
               0.976       0.72208185237
               0.978       0.72315052797
                0.98       0.72421832899
               0.982       0.72528523804
               0.984        0.7263512379
               0.986       0.72741631142
               0.988       0.72848044157
                0.99       0.72954361143
               0.992       0.73060580418
               0.994        0.7316670031
               0.996       0.73272719156
               0.998       0.73378635303
                   1       0.73484447105
               1.002       0.73590152925
               1.004       0.73695751135
               1.006       0.73801240111
               1.008       0.73906618239
                1.01       0.74011883909
               1.012       0.74117035518
               1.014       0.74222071465
               1.016       0.74326990158
               1.018       0.74431790004
                1.02       0.74536469416
               1.022       0.74641026809
               1.024       0.74745460598
               1.026         0.748497692
               1.028       0.74953951032
                1.03        0.7505800451
               1.032       0.75161928049
               1.034       0.75265720061
               1.036       0.75369378953
               1.038       0.75472903132
                1.04       0.75576290995
               1.042       0.75679540936
               1.044       0.75782651341
               1.046       0.75885620585
               1.048       0.75988447038
                1.05       0.76091129057
               1.052       0.76193664987
               1.054        0.7629605316
               1.056       0.76398291896
               1.058       0.76500379496
                1.06       0.76602314248
               1.062        0.7670409442
               1.064       0.76805718259
               1.066       0.76907183995
               1.068       0.77008489831
                1.07       0.77109633951
               1.072       0.77210614509
               1.074       0.77311429636
               1.076       0.77412077431
               1.078       0.77512555965
                1.08       0.77612863276
               1.082       0.77712997368
               1.084       0.77812956211
               1.086       0.77912737735
               1.088       0.78012339833
                1.09       0.78111760356
               1.092       0.78210997111
               1.094       0.78310047862
               1.096       0.78408910323
               1.098       0.78507582159
                 1.1       0.78606060986
               1.102       0.78704344367
               1.104       0.78802429835
               1.106       0.78900314907
               1.108       0.78997997084
                1.11       0.79095473847
               1.112        0.7919274266
               1.114       0.79289800962
               1.116       0.79386646172
               1.118       0.79483275686
                1.12        0.7957968687
               1.122       0.79675877067
               1.124       0.79771843586
               1.126        0.7986758371
               1.128       0.79963094687
                1.13       0.80058373729
               1.132       0.80153418013
               1.134       0.80248224678
               1.136       0.80342790823
               1.138       0.80437113503
                1.14       0.80531189729
               1.142       0.80625016466
               1.144        0.8071859063
               1.146       0.80811909087
               1.148       0.80904968648
                1.15       0.80997766069
               1.152       0.81090298049
               1.154       0.81182561226
               1.156       0.81274552174
               1.158       0.81366267403
                1.16       0.81457703356
               1.162       0.81548856403
               1.164       0.81639722842
               1.166       0.81730298895
               1.168       0.81820580705
                1.17       0.81910564352
               1.172       0.82000245905
               1.174       0.82089621468
               1.176       0.82178687185
               1.178       0.82267439242
                1.18       0.82355873858
               1.182       0.82443987291
               1.184       0.82531775827
               1.186       0.82619235785
               1.188        0.8270636351
                1.19       0.82793155372
               1.192       0.82879607765
               1.194       0.82965717102
               1.196       0.83051479813
               1.198       0.83136892347
                 1.2       0.83221951161
               1.202       0.83306652726
               1.204       0.83390993518
               1.206       0.83474970018
               1.208       0.83558578711
                1.21       0.83641816079
               1.212       0.83724678604
               1.214       0.83807162757
               1.216       0.83889265006
               1.218       0.83970981802
                1.22       0.84052309584
               1.222       0.84133244774
               1.224        0.8421378377
               1.226       0.84293922951
               1.228       0.84373658664
                1.23       0.84452987232
               1.232       0.84531904941
               1.234       0.84610408048
               1.236       0.84688492853
               1.238       0.84766155766
                1.24       0.84843393327
               1.242       0.84920202203
               1.244       0.84996579189
               1.246       0.85072521206
               1.248       0.85148025299
                1.25        0.8522308864
               1.252       0.85297708524
               1.254        0.8537188237
               1.256       0.85445607718
               1.258       0.85518882232
                1.26       0.85591703696
               1.262       0.85664070014
               1.264       0.85735979211
               1.266       0.85807429431
               1.268       0.85878418936
                1.27       0.85948946114
               1.272       0.86019009474
               1.274       0.86088607648
               1.276       0.86157739389
               1.278       0.86226403571
                1.28       0.86294599189
               1.282       0.86362325357
               1.284       0.86429581306
               1.286       0.86496366389
               1.288       0.86562680072
                1.29       0.86628521942
               1.292       0.86693891698
               1.294       0.86758789158
               1.296       0.86823214251
               1.298       0.86887167022
                 1.3       0.86950647628
               1.302       0.87013656339
               1.304       0.87076193535
               1.306       0.87138259708
               1.308       0.87199855458
                1.31       0.87260981497
               1.312       0.87321638641
               1.314       0.87381827815
               1.316       0.87441550055
               1.318       0.87500806516
                1.32       0.87559598499
               1.322       0.87617927438
               1.324       0.87675794905
               1.326       0.87733202609
               1.328        0.8779015239
                1.33       0.87846646219
               1.332       0.87902686197
               1.334       0.87958274551
               1.336       0.88013413637
               1.338       0.88068105931
                1.34       0.88122354033
               1.342       0.88176160662
               1.344       0.88229528656
               1.346       0.88282460968
               1.348       0.88334960666
                1.35       0.88387030931
               1.352       0.88438675053
               1.354       0.88489896431
               1.356        0.8854069857
               1.358        0.8859108508
                1.36       0.88641059674
               1.362       0.88690626164
               1.364        0.8873978846
               1.366       0.88788550571
               1.368       0.88836916597
                1.37       0.88884890732
               1.372        0.8893247726
               1.374       0.88979680553
               1.376       0.89026505067
               1.378       0.89072955343
                1.38       0.89119036004
               1.382       0.89164751751
               1.384       0.89210107363
               1.386       0.89255107692
               1.388       0.89299757665
                1.39       0.89344062277
               1.392       0.89388026592
               1.394        0.8943165574
               1.396       0.89474954912
               1.398       0.89517929362
                 1.4       0.89560584403
               1.402       0.89602925401
               1.404       0.89644957778
               1.406       0.89686687006
               1.408       0.89728118607
                1.41       0.89769258148
               1.412       0.89810111239
               1.414       0.89850683532
               1.416       0.89890980717
               1.418        0.8993100852
                1.42       0.89970772699
               1.422       0.90010279044
               1.424       0.90049533372
               1.426       0.90088541524
               1.428       0.90127309365
                1.43       0.90165842777
               1.432       0.90204147662
               1.434       0.90242229933
               1.436       0.90280095514
               1.438       0.90317750338
                1.44       0.90355200342
               1.442       0.90392451466
               1.444       0.90429509648
               1.446       0.90466380821
               1.448       0.90503070914
                1.45       0.90539585843
               1.452       0.90575931511
               1.454       0.90612113805
               1.456       0.90648138592
               1.458       0.90684011716
                1.46       0.90719738994
               1.462       0.90755326213
               1.464       0.90790779128
               1.466       0.90826103458
               1.468       0.90861304881
                1.47       0.90896389031
               1.472       0.90931361497
               1.474       0.90966227815
               1.476       0.91000993471
               1.478       0.91035663889
                1.48       0.91070244433
               1.482       0.91104740405
               1.484       0.91139157034
               1.486       0.91173499478
               1.488        0.9120777282
                1.49        0.9124198206
               1.492       0.91276132116
               1.494       0.91310227818
               1.496       0.91344273903
               1.498        0.9137827501
                 1.5       0.91412235681
               1.502       0.91446160352
               1.504       0.91480053351
               1.506       0.91513918892
               1.508       0.91547761073
                1.51       0.91581583871
               1.512       0.91615391135
               1.514       0.91649186587
               1.516       0.91682973812
               1.518       0.91716756256
                1.52       0.91750537224
               1.522       0.91784319869
               1.524       0.91818107194
               1.526       0.91851902042
               1.528       0.91885707096
                1.53        0.9191952487
               1.532       0.91953357709
               1.534       0.91987207822
               1.536       0.92021077349
               1.538       0.92054968371
                1.54       0.92088882911
               1.542       0.92122822925
               1.544       0.92156790309
               1.546       0.92190786891
               1.548       0.92224814428
                1.55       0.92258874609
               1.552       0.92292969047
               1.554       0.92327099283
               1.556       0.92361266778
               1.558       0.92395472914
                1.56       0.92429719014
               1.562       0.92464006367
               1.564       0.92498336233
               1.566       0.92532709841
               1.568       0.92567128385
                1.57       0.92601593031
               1.572       0.92636104907
               1.574       0.92670665106
               1.576       0.92705274688
               1.578       0.92739934671
                1.58       0.92774646037
               1.582       0.92809409728
               1.584       0.92844226644
               1.586       0.92879097646
               1.588       0.92914023548
                1.59       0.92949005121
               1.592       0.92984043091
               1.594       0.93019138135
               1.596       0.93054290885
               1.598       0.93089501921
                 1.6       0.93124771772
               1.602       0.93160100918
               1.604       0.93195489781
               1.606       0.93230938732
               1.608       0.93266448084
                1.61       0.93302018092
               1.612       0.93337648955
               1.614       0.93373340809
               1.616       0.93409093728
               1.618       0.93444907724
                1.62       0.93480782744
               1.622       0.93516718669
               1.624       0.93552715311
               1.626       0.93588772413
               1.628       0.93624889649
                1.63       0.93661066619
               1.632       0.93697302848
               1.634       0.93733597787
               1.636       0.93769950809
               1.638       0.93806361207
                1.64       0.93842828196
               1.642       0.93879350905
               1.644       0.93915928382
               1.646       0.93952559587
               1.648       0.93989243393
                1.65       0.94025978584
               1.652       0.94062763851
               1.654       0.94099597793
               1.656       0.94136478914
               1.658        0.9417340562
                1.66       0.94210376221
               1.662       0.94247388961
               1.664       0.94284442065
               1.666       0.94321533746
               1.668       0.94358662204
                1.67       0.94395825627
               1.672       0.94433022193
               1.674       0.94470250066
               1.676       0.94507507399
               1.678       0.94544792336
                1.68       0.94582103005
               1.682       0.94619437527
               1.684       0.94656794012
               1.686       0.94694170589
               1.688       0.94731565407
                1.69        0.9476897664
               1.692       0.94806402485
               1.694       0.94843841162
               1.696        0.9488129091
               1.698       0.94918749991
                 1.7       0.94956216686
               1.702       0.94993689294
               1.704       0.95031166133
               1.706       0.95068645539
               1.708       0.95106125864
                1.71       0.95143605476
               1.712       0.95181082758
               1.714       0.95218556109
               1.716       0.95256023939
               1.718       0.95293484673
                1.72       0.95330936747
               1.722       0.95368378608
               1.724       0.95405808715
               1.726       0.95443225535
               1.728       0.95480627545
                1.73       0.95518013231
               1.732       0.95555381086
               1.734       0.95592729607
               1.736       0.95630057301
               1.738       0.95667362678
                1.74       0.95704644252
               1.742       0.95741900542
               1.744       0.95779130068
               1.746       0.95816331353
               1.748       0.95853502921
                1.75       0.95890643297
               1.752       0.95927751005
               1.754       0.95964824566
               1.756       0.96001862503
               1.758       0.96038863332
                1.76       0.96075825568
               1.762        0.9611274772
               1.764       0.96149628294
               1.766       0.96186465809
               1.768       0.96223258804
                1.77        0.9626000584
               1.772         0.962967055
               1.774       0.96333356384
               1.776       0.96369957108
               1.778       0.96406506306
                1.78       0.96443002622
               1.782       0.96479444716
               1.784       0.96515831256
               1.786       0.96552160921
               1.788       0.96588432395
                1.79       0.96624644371
               1.792       0.96660795545
               1.794       0.96696884614
               1.796        0.9673291028
               1.798       0.96768871241
                 1.8       0.96804766195
               1.802       0.96840593838
               1.804       0.96876352868
               1.806       0.96912041995
               1.808       0.96947659944
                1.81       0.96983205452
               1.812       0.97018677268
               1.814       0.97054074149
               1.816       0.97089394863
               1.818       0.97124638186
                1.82       0.97159802901
               1.822       0.97194887795
               1.824       0.97229891667
               1.826        0.9726481334
               1.828       0.97299651671
                1.83       0.97334405552
               1.832       0.97369073916
               1.834       0.97403655775
               1.836       0.97438150216
               1.838       0.97472556407
                1.84        0.9750687359
               1.842       0.97541101083
               1.844       0.97575238279
               1.846       0.97609284643
               1.848        0.9764323971
                1.85       0.97677103085
               1.852       0.97710874442
               1.854       0.97744553522
               1.856        0.9777814013
               1.858       0.97811634137
                1.86       0.97845035477
               1.862       0.97878344146
               1.864       0.97911560201
               1.866       0.97944683756
               1.868       0.97977714987
                1.87       0.98010654124
               1.872       0.98043501455
               1.874       0.98076257321
               1.876       0.98108922117
               1.878       0.98141496292
                1.88       0.98173980344
               1.882       0.98206374822
               1.884       0.98238680326
               1.886       0.98270897502
               1.888       0.98303027043
                1.89       0.98335069688
               1.892       0.98367026222
               1.894       0.98398897473
               1.896       0.98430684313
               1.898       0.98462387653
                 1.9       0.98494008448
               1.902       0.98525547691
               1.904       0.98557006415
               1.906        0.9858838569
               1.908       0.98619686624
                1.91        0.9865091036
               1.912       0.98682058078
               1.914       0.98713130989
               1.916       0.98744130341
               1.918       0.98775057412
                1.92       0.98805913512
               1.922       0.98836699982
               1.924       0.98867418193
               1.926       0.98898069545
               1.928       0.98928655465
                1.93       0.98959177409
               1.932       0.98989636857
               1.934       0.99020035317
               1.936       0.99050374321
               1.938       0.99080655424
                1.94       0.99110880206
               1.942       0.99141050267
               1.944       0.99171167231
               1.946       0.99201232741
               1.948       0.99231248461
                1.95       0.99261216073
               1.952        0.9929113728
               1.954       0.99321013801
               1.956       0.99350847371
               1.958       0.99380639743
                1.96       0.99410392684
               1.962       0.99440107978
               1.964       0.99469787421
               1.966       0.99499432823
               1.968       0.99529046006
                1.97       0.99558628805
               1.972       0.99588183065
               1.974       0.99617710642
               1.976       0.99647213402
               1.978       0.99676693218
                1.98       0.99706151975
               1.982       0.99735591561
               1.984       0.99765013876
               1.986       0.99794420822
               1.988       0.99823814308
                1.99       0.99853196249
               1.992       0.99882568561
               1.994       0.99911933168
               1.996       0.99941291992
               1.998        0.9997064696
                   2                   1
